eb30f1758d7ec48da14e3b7a9e75e7f9cd2ee643,947.09
eb30f1758d7ec48da14e3b7a9e75e7f9cd2ee643,948.76
eb30f1758d7ec48da14e3b7a9e75e7f9cd2ee643,947.72
eb30f1758d7ec48da14e3b7a9e75e7f9cd2ee643,946.08
eb30f1758d7ec48da14e3b7a9e75e7f9cd2ee643,947.32
eb30f1758d7ec48da14e3b7a9e75e7f9cd2ee643,946.04
eb30f1758d7ec48da14e3b7a9e75e7f9cd2ee643,945.78
eb30f1758d7ec48da14e3b7a9e75e7f9cd2ee643,946.47
eb30f1758d7ec48da14e3b7a9e75e7f9cd2ee643,949.95
eb30f1758d7ec48da14e3b7a9e75e7f9cd2ee643,946.17
eb30f1758d7ec48da14e3b7a9e75e7f9cd2ee643,945.42
eb30f1758d7ec48da14e3b7a9e75e7f9cd2ee643,945.93
eb30f1758d7ec48da14e3b7a9e75e7f9cd2ee643,945.67
eb30f1758d7ec48da14e3b7a9e75e7f9cd2ee643,947.38
eb30f1758d7ec48da14e3b7a9e75e7f9cd2ee643,948.24
59d4004065c27e09f795c6a18a3581f4bc51be18,947.93
59d4004065c27e09f795c6a18a3581f4bc51be18,948.02
59d4004065c27e09f795c6a18a3581f4bc51be18,949.22
59d4004065c27e09f795c6a18a3581f4bc51be18,951.92
59d4004065c27e09f795c6a18a3581f4bc51be18,950.83
59d4004065c27e09f795c6a18a3581f4bc51be18,948.43
59d4004065c27e09f795c6a18a3581f4bc51be18,946.83
59d4004065c27e09f795c6a18a3581f4bc51be18,950.18
59d4004065c27e09f795c6a18a3581f4bc51be18,950.76
59d4004065c27e09f795c6a18a3581f4bc51be18,951.47
59d4004065c27e09f795c6a18a3581f4bc51be18,947.34
59d4004065c27e09f795c6a18a3581f4bc51be18,948.63
59d4004065c27e09f795c6a18a3581f4bc51be18,946.89
59d4004065c27e09f795c6a18a3581f4bc51be18,949.39
59d4004065c27e09f795c6a18a3581f4bc51be18,946.94
de91a3fba7ff6cd2c145cff3a63080624694fc2a,946.03
de91a3fba7ff6cd2c145cff3a63080624694fc2a,946.16
de91a3fba7ff6cd2c145cff3a63080624694fc2a,945.43
de91a3fba7ff6cd2c145cff3a63080624694fc2a,1018.39
de91a3fba7ff6cd2c145cff3a63080624694fc2a,948.44
de91a3fba7ff6cd2c145cff3a63080624694fc2a,948.09
de91a3fba7ff6cd2c145cff3a63080624694fc2a,947.14
de91a3fba7ff6cd2c145cff3a63080624694fc2a,948.10
de91a3fba7ff6cd2c145cff3a63080624694fc2a,951.62
de91a3fba7ff6cd2c145cff3a63080624694fc2a,948.44
de91a3fba7ff6cd2c145cff3a63080624694fc2a,945.41
de91a3fba7ff6cd2c145cff3a63080624694fc2a,945.81
de91a3fba7ff6cd2c145cff3a63080624694fc2a,947.03
de91a3fba7ff6cd2c145cff3a63080624694fc2a,949.08
de91a3fba7ff6cd2c145cff3a63080624694fc2a,947.44
f8a0a9e7bd4697538d5b65ed9d29be10872f5531,948.20
f8a0a9e7bd4697538d5b65ed9d29be10872f5531,945.51
f8a0a9e7bd4697538d5b65ed9d29be10872f5531,944.14
f8a0a9e7bd4697538d5b65ed9d29be10872f5531,949.08
f8a0a9e7bd4697538d5b65ed9d29be10872f5531,948.60
f8a0a9e7bd4697538d5b65ed9d29be10872f5531,948.36
f8a0a9e7bd4697538d5b65ed9d29be10872f5531,946.26
f8a0a9e7bd4697538d5b65ed9d29be10872f5531,950.14
f8a0a9e7bd4697538d5b65ed9d29be10872f5531,947.75
f8a0a9e7bd4697538d5b65ed9d29be10872f5531,947.19
f8a0a9e7bd4697538d5b65ed9d29be10872f5531,944.62
f8a0a9e7bd4697538d5b65ed9d29be10872f5531,946.27
f8a0a9e7bd4697538d5b65ed9d29be10872f5531,945.47
f8a0a9e7bd4697538d5b65ed9d29be10872f5531,948.69
f8a0a9e7bd4697538d5b65ed9d29be10872f5531,946.96
50fa941bc80c1c6f84483a774d38eb902cad157a,947.87
50fa941bc80c1c6f84483a774d38eb902cad157a,945.16
50fa941bc80c1c6f84483a774d38eb902cad157a,946.35
50fa941bc80c1c6f84483a774d38eb902cad157a,946.96
50fa941bc80c1c6f84483a774d38eb902cad157a,947.04
50fa941bc80c1c6f84483a774d38eb902cad157a,947.16
50fa941bc80c1c6f84483a774d38eb902cad157a,946.53
50fa941bc80c1c6f84483a774d38eb902cad157a,948.05
50fa941bc80c1c6f84483a774d38eb902cad157a,946.85
50fa941bc80c1c6f84483a774d38eb902cad157a,947.18
50fa941bc80c1c6f84483a774d38eb902cad157a,944.13
50fa941bc80c1c6f84483a774d38eb902cad157a,944.17
50fa941bc80c1c6f84483a774d38eb902cad157a,944.68
50fa941bc80c1c6f84483a774d38eb902cad157a,947.40
50fa941bc80c1c6f84483a774d38eb902cad157a,946.32
5977702fc0daab4d799c02943a05958682a282f0,948.68
5977702fc0daab4d799c02943a05958682a282f0,946.54
5977702fc0daab4d799c02943a05958682a282f0,948.83
5977702fc0daab4d799c02943a05958682a282f0,946.95
5977702fc0daab4d799c02943a05958682a282f0,945.46
5977702fc0daab4d799c02943a05958682a282f0,946.22
5977702fc0daab4d799c02943a05958682a282f0,946.22
5977702fc0daab4d799c02943a05958682a282f0,948.87
5977702fc0daab4d799c02943a05958682a282f0,951.41
5977702fc0daab4d799c02943a05958682a282f0,951.28
5977702fc0daab4d799c02943a05958682a282f0,947.49
5977702fc0daab4d799c02943a05958682a282f0,947.84
5977702fc0daab4d799c02943a05958682a282f0,947.03
5977702fc0daab4d799c02943a05958682a282f0,947.95
5977702fc0daab4d799c02943a05958682a282f0,947.85
6450b73d809d2ef629ba97c52c05a45ca3ede76b,948.18
6450b73d809d2ef629ba97c52c05a45ca3ede76b,947.49
6450b73d809d2ef629ba97c52c05a45ca3ede76b,950.05
6450b73d809d2ef629ba97c52c05a45ca3ede76b,949.33
6450b73d809d2ef629ba97c52c05a45ca3ede76b,947.19
6450b73d809d2ef629ba97c52c05a45ca3ede76b,945.70
6450b73d809d2ef629ba97c52c05a45ca3ede76b,947.29
6450b73d809d2ef629ba97c52c05a45ca3ede76b,949.03
6450b73d809d2ef629ba97c52c05a45ca3ede76b,947.96
6450b73d809d2ef629ba97c52c05a45ca3ede76b,945.98
6450b73d809d2ef629ba97c52c05a45ca3ede76b,944.50
6450b73d809d2ef629ba97c52c05a45ca3ede76b,945.65
6450b73d809d2ef629ba97c52c05a45ca3ede76b,946.31
6450b73d809d2ef629ba97c52c05a45ca3ede76b,947.88
6450b73d809d2ef629ba97c52c05a45ca3ede76b,948.13
a574c7454fe83263f121a6564dc87ed7e96d8069,946.88
a574c7454fe83263f121a6564dc87ed7e96d8069,946.74
a574c7454fe83263f121a6564dc87ed7e96d8069,948.03
a574c7454fe83263f121a6564dc87ed7e96d8069,950.25
a574c7454fe83263f121a6564dc87ed7e96d8069,948.63
a574c7454fe83263f121a6564dc87ed7e96d8069,948.27
a574c7454fe83263f121a6564dc87ed7e96d8069,946.64
a574c7454fe83263f121a6564dc87ed7e96d8069,949.12
a574c7454fe83263f121a6564dc87ed7e96d8069,948.36
a574c7454fe83263f121a6564dc87ed7e96d8069,945.84
a574c7454fe83263f121a6564dc87ed7e96d8069,944.14
a574c7454fe83263f121a6564dc87ed7e96d8069,945.99
a574c7454fe83263f121a6564dc87ed7e96d8069,950.96
a574c7454fe83263f121a6564dc87ed7e96d8069,946.95
a574c7454fe83263f121a6564dc87ed7e96d8069,944.62
ae26ea0a0fd19a8c00b4866455048ce1f1624761,1005.47
ae26ea0a0fd19a8c00b4866455048ce1f1624761,947.82
ae26ea0a0fd19a8c00b4866455048ce1f1624761,946.57
ae26ea0a0fd19a8c00b4866455048ce1f1624761,947.18
ae26ea0a0fd19a8c00b4866455048ce1f1624761,950.16
ae26ea0a0fd19a8c00b4866455048ce1f1624761,949.56
ae26ea0a0fd19a8c00b4866455048ce1f1624761,948.82
ae26ea0a0fd19a8c00b4866455048ce1f1624761,949.85
ae26ea0a0fd19a8c00b4866455048ce1f1624761,947.32
ae26ea0a0fd19a8c00b4866455048ce1f1624761,947.21
ae26ea0a0fd19a8c00b4866455048ce1f1624761,948.41
ae26ea0a0fd19a8c00b4866455048ce1f1624761,1021.07
ae26ea0a0fd19a8c00b4866455048ce1f1624761,946.44
ae26ea0a0fd19a8c00b4866455048ce1f1624761,949.75
ae26ea0a0fd19a8c00b4866455048ce1f1624761,949.30
b57b823765e315d1e514aad120903e7689a49669,946.97
b57b823765e315d1e514aad120903e7689a49669,946.97
b57b823765e315d1e514aad120903e7689a49669,946.70
b57b823765e315d1e514aad120903e7689a49669,946.20
b57b823765e315d1e514aad120903e7689a49669,946.26
b57b823765e315d1e514aad120903e7689a49669,946.23
b57b823765e315d1e514aad120903e7689a49669,944.15
b57b823765e315d1e514aad120903e7689a49669,945.61
b57b823765e315d1e514aad120903e7689a49669,948.65
b57b823765e315d1e514aad120903e7689a49669,945.58
b57b823765e315d1e514aad120903e7689a49669,945.15
b57b823765e315d1e514aad120903e7689a49669,949.40
b57b823765e315d1e514aad120903e7689a49669,947.29
b57b823765e315d1e514aad120903e7689a49669,944.46
b57b823765e315d1e514aad120903e7689a49669,948.05
971af84dbf29bf7bfecc0279cc6eea99cd7e2f6f,947.14
971af84dbf29bf7bfecc0279cc6eea99cd7e2f6f,947.01
971af84dbf29bf7bfecc0279cc6eea99cd7e2f6f,946.46
971af84dbf29bf7bfecc0279cc6eea99cd7e2f6f,948.94
971af84dbf29bf7bfecc0279cc6eea99cd7e2f6f,946.60
971af84dbf29bf7bfecc0279cc6eea99cd7e2f6f,943.71
971af84dbf29bf7bfecc0279cc6eea99cd7e2f6f,946.61
971af84dbf29bf7bfecc0279cc6eea99cd7e2f6f,944.90
971af84dbf29bf7bfecc0279cc6eea99cd7e2f6f,949.05
971af84dbf29bf7bfecc0279cc6eea99cd7e2f6f,946.28
971af84dbf29bf7bfecc0279cc6eea99cd7e2f6f,943.81
971af84dbf29bf7bfecc0279cc6eea99cd7e2f6f,949.23
971af84dbf29bf7bfecc0279cc6eea99cd7e2f6f,945.82
971af84dbf29bf7bfecc0279cc6eea99cd7e2f6f,950.21
971af84dbf29bf7bfecc0279cc6eea99cd7e2f6f,947.96
8067986775c3ae9e83e23785adfdd9fa9d14a2e5,947.31
8067986775c3ae9e83e23785adfdd9fa9d14a2e5,946.71
8067986775c3ae9e83e23785adfdd9fa9d14a2e5,947.14
8067986775c3ae9e83e23785adfdd9fa9d14a2e5,950.19
8067986775c3ae9e83e23785adfdd9fa9d14a2e5,945.08
8067986775c3ae9e83e23785adfdd9fa9d14a2e5,945.02
8067986775c3ae9e83e23785adfdd9fa9d14a2e5,951.27
8067986775c3ae9e83e23785adfdd9fa9d14a2e5,948.79
8067986775c3ae9e83e23785adfdd9fa9d14a2e5,950.68
8067986775c3ae9e83e23785adfdd9fa9d14a2e5,950.12
8067986775c3ae9e83e23785adfdd9fa9d14a2e5,944.51
8067986775c3ae9e83e23785adfdd9fa9d14a2e5,948.05
8067986775c3ae9e83e23785adfdd9fa9d14a2e5,946.20
8067986775c3ae9e83e23785adfdd9fa9d14a2e5,946.80
8067986775c3ae9e83e23785adfdd9fa9d14a2e5,947.21
25594b2c01d5b76a4f76cf2de967aa70258c84c0,950.77
25594b2c01d5b76a4f76cf2de967aa70258c84c0,947.89
25594b2c01d5b76a4f76cf2de967aa70258c84c0,1023.10
25594b2c01d5b76a4f76cf2de967aa70258c84c0,948.64
25594b2c01d5b76a4f76cf2de967aa70258c84c0,949.25
25594b2c01d5b76a4f76cf2de967aa70258c84c0,948.52
25594b2c01d5b76a4f76cf2de967aa70258c84c0,946.39
25594b2c01d5b76a4f76cf2de967aa70258c84c0,946.71
25594b2c01d5b76a4f76cf2de967aa70258c84c0,946.04
25594b2c01d5b76a4f76cf2de967aa70258c84c0,946.93
25594b2c01d5b76a4f76cf2de967aa70258c84c0,948.30
25594b2c01d5b76a4f76cf2de967aa70258c84c0,946.29
25594b2c01d5b76a4f76cf2de967aa70258c84c0,946.32
25594b2c01d5b76a4f76cf2de967aa70258c84c0,948.70
25594b2c01d5b76a4f76cf2de967aa70258c84c0,947.87
4540885b3a4e7efb30c58d7af1bdccd9c3bf55d4,950.53
4540885b3a4e7efb30c58d7af1bdccd9c3bf55d4,947.41
4540885b3a4e7efb30c58d7af1bdccd9c3bf55d4,948.55
4540885b3a4e7efb30c58d7af1bdccd9c3bf55d4,945.72
4540885b3a4e7efb30c58d7af1bdccd9c3bf55d4,947.22
4540885b3a4e7efb30c58d7af1bdccd9c3bf55d4,950.54
4540885b3a4e7efb30c58d7af1bdccd9c3bf55d4,948.44
4540885b3a4e7efb30c58d7af1bdccd9c3bf55d4,949.96
4540885b3a4e7efb30c58d7af1bdccd9c3bf55d4,949.09
4540885b3a4e7efb30c58d7af1bdccd9c3bf55d4,950.03
4540885b3a4e7efb30c58d7af1bdccd9c3bf55d4,949.80
4540885b3a4e7efb30c58d7af1bdccd9c3bf55d4,945.89
4540885b3a4e7efb30c58d7af1bdccd9c3bf55d4,951.54
4540885b3a4e7efb30c58d7af1bdccd9c3bf55d4,946.34
4540885b3a4e7efb30c58d7af1bdccd9c3bf55d4,946.85
2b9c1a4c2ae25e74833d1c2b2a12b500d4456243,945.48
2b9c1a4c2ae25e74833d1c2b2a12b500d4456243,944.36
2b9c1a4c2ae25e74833d1c2b2a12b500d4456243,946.98
2b9c1a4c2ae25e74833d1c2b2a12b500d4456243,947.46
2b9c1a4c2ae25e74833d1c2b2a12b500d4456243,949.12
2b9c1a4c2ae25e74833d1c2b2a12b500d4456243,948.29
2b9c1a4c2ae25e74833d1c2b2a12b500d4456243,945.88
2b9c1a4c2ae25e74833d1c2b2a12b500d4456243,949.10
2b9c1a4c2ae25e74833d1c2b2a12b500d4456243,948.35
2b9c1a4c2ae25e74833d1c2b2a12b500d4456243,946.14
2b9c1a4c2ae25e74833d1c2b2a12b500d4456243,946.98
2b9c1a4c2ae25e74833d1c2b2a12b500d4456243,947.07
2b9c1a4c2ae25e74833d1c2b2a12b500d4456243,949.86
2b9c1a4c2ae25e74833d1c2b2a12b500d4456243,946.76
2b9c1a4c2ae25e74833d1c2b2a12b500d4456243,947.59
fd872de13cbac0fa6c813f95fd0421a4ba4e9b67,947.47
fd872de13cbac0fa6c813f95fd0421a4ba4e9b67,946.07
fd872de13cbac0fa6c813f95fd0421a4ba4e9b67,949.85
fd872de13cbac0fa6c813f95fd0421a4ba4e9b67,946.58
fd872de13cbac0fa6c813f95fd0421a4ba4e9b67,944.78
fd872de13cbac0fa6c813f95fd0421a4ba4e9b67,948.59
fd872de13cbac0fa6c813f95fd0421a4ba4e9b67,947.94
fd872de13cbac0fa6c813f95fd0421a4ba4e9b67,950.05
fd872de13cbac0fa6c813f95fd0421a4ba4e9b67,948.99
fd872de13cbac0fa6c813f95fd0421a4ba4e9b67,946.96
fd872de13cbac0fa6c813f95fd0421a4ba4e9b67,949.81
fd872de13cbac0fa6c813f95fd0421a4ba4e9b67,945.40
fd872de13cbac0fa6c813f95fd0421a4ba4e9b67,947.53
fd872de13cbac0fa6c813f95fd0421a4ba4e9b67,947.32
fd872de13cbac0fa6c813f95fd0421a4ba4e9b67,944.88
35f352a95551f532da9013f3587e2591cdcef6ec,949.19
35f352a95551f532da9013f3587e2591cdcef6ec,951.38
35f352a95551f532da9013f3587e2591cdcef6ec,949.95
35f352a95551f532da9013f3587e2591cdcef6ec,947.90
35f352a95551f532da9013f3587e2591cdcef6ec,946.96
35f352a95551f532da9013f3587e2591cdcef6ec,951.56
35f352a95551f532da9013f3587e2591cdcef6ec,946.91
35f352a95551f532da9013f3587e2591cdcef6ec,949.07
35f352a95551f532da9013f3587e2591cdcef6ec,949.55
35f352a95551f532da9013f3587e2591cdcef6ec,951.11
35f352a95551f532da9013f3587e2591cdcef6ec,948.13
35f352a95551f532da9013f3587e2591cdcef6ec,949.71
35f352a95551f532da9013f3587e2591cdcef6ec,949.82
35f352a95551f532da9013f3587e2591cdcef6ec,948.92
35f352a95551f532da9013f3587e2591cdcef6ec,944.51
04b0141d6ae5e6d1f00f15341b29dd4734ab778a,949.75
04b0141d6ae5e6d1f00f15341b29dd4734ab778a,951.94
04b0141d6ae5e6d1f00f15341b29dd4734ab778a,947.15
04b0141d6ae5e6d1f00f15341b29dd4734ab778a,945.41
04b0141d6ae5e6d1f00f15341b29dd4734ab778a,1022.13
04b0141d6ae5e6d1f00f15341b29dd4734ab778a,951.62
04b0141d6ae5e6d1f00f15341b29dd4734ab778a,950.97
04b0141d6ae5e6d1f00f15341b29dd4734ab778a,947.41
04b0141d6ae5e6d1f00f15341b29dd4734ab778a,947.12
04b0141d6ae5e6d1f00f15341b29dd4734ab778a,950.02
04b0141d6ae5e6d1f00f15341b29dd4734ab778a,947.36
04b0141d6ae5e6d1f00f15341b29dd4734ab778a,949.08
04b0141d6ae5e6d1f00f15341b29dd4734ab778a,946.87
04b0141d6ae5e6d1f00f15341b29dd4734ab778a,945.38
04b0141d6ae5e6d1f00f15341b29dd4734ab778a,948.95
a1144d02ff0f89d6603214676730a2d5616cf466,946.42
a1144d02ff0f89d6603214676730a2d5616cf466,946.10
a1144d02ff0f89d6603214676730a2d5616cf466,950.32
a1144d02ff0f89d6603214676730a2d5616cf466,945.97
a1144d02ff0f89d6603214676730a2d5616cf466,947.20
a1144d02ff0f89d6603214676730a2d5616cf466,949.44
a1144d02ff0f89d6603214676730a2d5616cf466,949.82
a1144d02ff0f89d6603214676730a2d5616cf466,948.78
a1144d02ff0f89d6603214676730a2d5616cf466,945.55
a1144d02ff0f89d6603214676730a2d5616cf466,951.59
a1144d02ff0f89d6603214676730a2d5616cf466,948.48
a1144d02ff0f89d6603214676730a2d5616cf466,947.92
a1144d02ff0f89d6603214676730a2d5616cf466,947.41
a1144d02ff0f89d6603214676730a2d5616cf466,948.82
a1144d02ff0f89d6603214676730a2d5616cf466,951.40
e50b547bc26ff198acfd16311c028f340af38699,950.24
e50b547bc26ff198acfd16311c028f340af38699,952.06
e50b547bc26ff198acfd16311c028f340af38699,949.90
e50b547bc26ff198acfd16311c028f340af38699,950.56
e50b547bc26ff198acfd16311c028f340af38699,951.50
e50b547bc26ff198acfd16311c028f340af38699,951.71
e50b547bc26ff198acfd16311c028f340af38699,949.96
e50b547bc26ff198acfd16311c028f340af38699,947.82
e50b547bc26ff198acfd16311c028f340af38699,951.25
e50b547bc26ff198acfd16311c028f340af38699,946.90
e50b547bc26ff198acfd16311c028f340af38699,945.86
e50b547bc26ff198acfd16311c028f340af38699,949.21
e50b547bc26ff198acfd16311c028f340af38699,946.96
e50b547bc26ff198acfd16311c028f340af38699,947.86
e50b547bc26ff198acfd16311c028f340af38699,948.61
7edd1b511a174a663f633c34ae8c951a0ae77d20,949.79
7edd1b511a174a663f633c34ae8c951a0ae77d20,947.07
7edd1b511a174a663f633c34ae8c951a0ae77d20,946.24
7edd1b511a174a663f633c34ae8c951a0ae77d20,951.60
7edd1b511a174a663f633c34ae8c951a0ae77d20,949.64
7edd1b511a174a663f633c34ae8c951a0ae77d20,954.19
7edd1b511a174a663f633c34ae8c951a0ae77d20,943.66
7edd1b511a174a663f633c34ae8c951a0ae77d20,946.62
7edd1b511a174a663f633c34ae8c951a0ae77d20,949.04
7edd1b511a174a663f633c34ae8c951a0ae77d20,946.72
7edd1b511a174a663f633c34ae8c951a0ae77d20,946.73
7edd1b511a174a663f633c34ae8c951a0ae77d20,944.36
7edd1b511a174a663f633c34ae8c951a0ae77d20,945.14
7edd1b511a174a663f633c34ae8c951a0ae77d20,946.02
7edd1b511a174a663f633c34ae8c951a0ae77d20,950.28
907717832435f5085b67d02e1eeec5b63b0f415b,947.00
907717832435f5085b67d02e1eeec5b63b0f415b,948.43
907717832435f5085b67d02e1eeec5b63b0f415b,948.33
907717832435f5085b67d02e1eeec5b63b0f415b,945.45
907717832435f5085b67d02e1eeec5b63b0f415b,948.97
907717832435f5085b67d02e1eeec5b63b0f415b,947.04
907717832435f5085b67d02e1eeec5b63b0f415b,949.43
907717832435f5085b67d02e1eeec5b63b0f415b,948.67
907717832435f5085b67d02e1eeec5b63b0f415b,948.71
907717832435f5085b67d02e1eeec5b63b0f415b,948.97
907717832435f5085b67d02e1eeec5b63b0f415b,948.69
907717832435f5085b67d02e1eeec5b63b0f415b,947.90
907717832435f5085b67d02e1eeec5b63b0f415b,946.99
907717832435f5085b67d02e1eeec5b63b0f415b,952.94
907717832435f5085b67d02e1eeec5b63b0f415b,948.79
40ff9fb3b13bb484344936dde4a90b083b79cdbd,948.27
40ff9fb3b13bb484344936dde4a90b083b79cdbd,947.64
40ff9fb3b13bb484344936dde4a90b083b79cdbd,950.64
40ff9fb3b13bb484344936dde4a90b083b79cdbd,949.16
40ff9fb3b13bb484344936dde4a90b083b79cdbd,946.27
40ff9fb3b13bb484344936dde4a90b083b79cdbd,950.13
40ff9fb3b13bb484344936dde4a90b083b79cdbd,948.62
40ff9fb3b13bb484344936dde4a90b083b79cdbd,948.14
40ff9fb3b13bb484344936dde4a90b083b79cdbd,944.09
40ff9fb3b13bb484344936dde4a90b083b79cdbd,944.61
40ff9fb3b13bb484344936dde4a90b083b79cdbd,946.75
40ff9fb3b13bb484344936dde4a90b083b79cdbd,946.23
40ff9fb3b13bb484344936dde4a90b083b79cdbd,949.69
40ff9fb3b13bb484344936dde4a90b083b79cdbd,946.05
40ff9fb3b13bb484344936dde4a90b083b79cdbd,945.67
03a53334c1e3a28ed587feb5adbfa3c0aa536990,948.61
03a53334c1e3a28ed587feb5adbfa3c0aa536990,943.47
03a53334c1e3a28ed587feb5adbfa3c0aa536990,948.91
03a53334c1e3a28ed587feb5adbfa3c0aa536990,949.19
03a53334c1e3a28ed587feb5adbfa3c0aa536990,951.78
03a53334c1e3a28ed587feb5adbfa3c0aa536990,949.99
03a53334c1e3a28ed587feb5adbfa3c0aa536990,948.68
03a53334c1e3a28ed587feb5adbfa3c0aa536990,947.08
03a53334c1e3a28ed587feb5adbfa3c0aa536990,949.22
03a53334c1e3a28ed587feb5adbfa3c0aa536990,949.56
03a53334c1e3a28ed587feb5adbfa3c0aa536990,945.85
03a53334c1e3a28ed587feb5adbfa3c0aa536990,948.70
03a53334c1e3a28ed587feb5adbfa3c0aa536990,949.08
03a53334c1e3a28ed587feb5adbfa3c0aa536990,946.26
03a53334c1e3a28ed587feb5adbfa3c0aa536990,945.48
fd63cc5478bcd7b32e2070d93ead8c879b423841,950.75
fd63cc5478bcd7b32e2070d93ead8c879b423841,952.86
fd63cc5478bcd7b32e2070d93ead8c879b423841,949.37
fd63cc5478bcd7b32e2070d93ead8c879b423841,949.20
fd63cc5478bcd7b32e2070d93ead8c879b423841,951.30
fd63cc5478bcd7b32e2070d93ead8c879b423841,954.18
fd63cc5478bcd7b32e2070d93ead8c879b423841,951.70
fd63cc5478bcd7b32e2070d93ead8c879b423841,952.04
fd63cc5478bcd7b32e2070d93ead8c879b423841,949.76
fd63cc5478bcd7b32e2070d93ead8c879b423841,947.64
fd63cc5478bcd7b32e2070d93ead8c879b423841,949.41
fd63cc5478bcd7b32e2070d93ead8c879b423841,948.30
fd63cc5478bcd7b32e2070d93ead8c879b423841,947.87
fd63cc5478bcd7b32e2070d93ead8c879b423841,950.90
fd63cc5478bcd7b32e2070d93ead8c879b423841,950.10
a50585b9e0770c363c56d887a8f639dc05411073,944.89
a50585b9e0770c363c56d887a8f639dc05411073,949.17
a50585b9e0770c363c56d887a8f639dc05411073,948.83
a50585b9e0770c363c56d887a8f639dc05411073,947.08
a50585b9e0770c363c56d887a8f639dc05411073,948.57
a50585b9e0770c363c56d887a8f639dc05411073,949.73
a50585b9e0770c363c56d887a8f639dc05411073,947.01
a50585b9e0770c363c56d887a8f639dc05411073,950.40
a50585b9e0770c363c56d887a8f639dc05411073,950.05
a50585b9e0770c363c56d887a8f639dc05411073,947.69
a50585b9e0770c363c56d887a8f639dc05411073,946.58
a50585b9e0770c363c56d887a8f639dc05411073,944.51
a50585b9e0770c363c56d887a8f639dc05411073,943.82
a50585b9e0770c363c56d887a8f639dc05411073,949.13
a50585b9e0770c363c56d887a8f639dc05411073,947.55
dbfb6f2ad904158b5b40a93fea222e263aeaf9ab,949.46
dbfb6f2ad904158b5b40a93fea222e263aeaf9ab,943.08
dbfb6f2ad904158b5b40a93fea222e263aeaf9ab,948.81
dbfb6f2ad904158b5b40a93fea222e263aeaf9ab,949.16
dbfb6f2ad904158b5b40a93fea222e263aeaf9ab,946.55
dbfb6f2ad904158b5b40a93fea222e263aeaf9ab,948.43
dbfb6f2ad904158b5b40a93fea222e263aeaf9ab,947.28
dbfb6f2ad904158b5b40a93fea222e263aeaf9ab,948.52
dbfb6f2ad904158b5b40a93fea222e263aeaf9ab,949.98
dbfb6f2ad904158b5b40a93fea222e263aeaf9ab,946.19
dbfb6f2ad904158b5b40a93fea222e263aeaf9ab,949.13
dbfb6f2ad904158b5b40a93fea222e263aeaf9ab,947.10
dbfb6f2ad904158b5b40a93fea222e263aeaf9ab,943.47
dbfb6f2ad904158b5b40a93fea222e263aeaf9ab,944.11
dbfb6f2ad904158b5b40a93fea222e263aeaf9ab,945.46
337c80f7c01ce699b1a8eb7916f03aa74c02eaed,115.94
337c80f7c01ce699b1a8eb7916f03aa74c02eaed,114.54
337c80f7c01ce699b1a8eb7916f03aa74c02eaed,115.21
337c80f7c01ce699b1a8eb7916f03aa74c02eaed,116.57
337c80f7c01ce699b1a8eb7916f03aa74c02eaed,115.36
337c80f7c01ce699b1a8eb7916f03aa74c02eaed,115.51
337c80f7c01ce699b1a8eb7916f03aa74c02eaed,116.29
337c80f7c01ce699b1a8eb7916f03aa74c02eaed,116.15
337c80f7c01ce699b1a8eb7916f03aa74c02eaed,114.79
337c80f7c01ce699b1a8eb7916f03aa74c02eaed,116.38
337c80f7c01ce699b1a8eb7916f03aa74c02eaed,115.34
337c80f7c01ce699b1a8eb7916f03aa74c02eaed,115.26
337c80f7c01ce699b1a8eb7916f03aa74c02eaed,116.59
337c80f7c01ce699b1a8eb7916f03aa74c02eaed,116.85
337c80f7c01ce699b1a8eb7916f03aa74c02eaed,115.95
2f7f84172f4127d74b33bd333a9da60c33cc176d,115.45
2f7f84172f4127d74b33bd333a9da60c33cc176d,116.14
2f7f84172f4127d74b33bd333a9da60c33cc176d,114.95
2f7f84172f4127d74b33bd333a9da60c33cc176d,115.23
2f7f84172f4127d74b33bd333a9da60c33cc176d,116.18
2f7f84172f4127d74b33bd333a9da60c33cc176d,117.37
2f7f84172f4127d74b33bd333a9da60c33cc176d,115.45
2f7f84172f4127d74b33bd333a9da60c33cc176d,116.03
2f7f84172f4127d74b33bd333a9da60c33cc176d,115.44
2f7f84172f4127d74b33bd333a9da60c33cc176d,115.15
2f7f84172f4127d74b33bd333a9da60c33cc176d,114.41
2f7f84172f4127d74b33bd333a9da60c33cc176d,116.10
2f7f84172f4127d74b33bd333a9da60c33cc176d,115.57
2f7f84172f4127d74b33bd333a9da60c33cc176d,115.32
2f7f84172f4127d74b33bd333a9da60c33cc176d,115.92
92edc21fd80c8080d1ee141a33ef7c7e381197e7,116.53
92edc21fd80c8080d1ee141a33ef7c7e381197e7,115.85
92edc21fd80c8080d1ee141a33ef7c7e381197e7,117.11
92edc21fd80c8080d1ee141a33ef7c7e381197e7,114.07
92edc21fd80c8080d1ee141a33ef7c7e381197e7,116.24
92edc21fd80c8080d1ee141a33ef7c7e381197e7,115.00
92edc21fd80c8080d1ee141a33ef7c7e381197e7,115.50
92edc21fd80c8080d1ee141a33ef7c7e381197e7,116.34
92edc21fd80c8080d1ee141a33ef7c7e381197e7,116.81
92edc21fd80c8080d1ee141a33ef7c7e381197e7,115.91
92edc21fd80c8080d1ee141a33ef7c7e381197e7,116.21
92edc21fd80c8080d1ee141a33ef7c7e381197e7,115.94
92edc21fd80c8080d1ee141a33ef7c7e381197e7,115.00
92edc21fd80c8080d1ee141a33ef7c7e381197e7,115.85
92edc21fd80c8080d1ee141a33ef7c7e381197e7,114.91
230937dc3854055bac57ad600fd585a563397a26,115.15
230937dc3854055bac57ad600fd585a563397a26,115.55
230937dc3854055bac57ad600fd585a563397a26,117.10
230937dc3854055bac57ad600fd585a563397a26,114.74
230937dc3854055bac57ad600fd585a563397a26,116.59
230937dc3854055bac57ad600fd585a563397a26,116.21
230937dc3854055bac57ad600fd585a563397a26,117.12
230937dc3854055bac57ad600fd585a563397a26,116.15
230937dc3854055bac57ad600fd585a563397a26,116.85
230937dc3854055bac57ad600fd585a563397a26,116.04
230937dc3854055bac57ad600fd585a563397a26,116.27
230937dc3854055bac57ad600fd585a563397a26,116.96
230937dc3854055bac57ad600fd585a563397a26,116.94
230937dc3854055bac57ad600fd585a563397a26,114.79
230937dc3854055bac57ad600fd585a563397a26,116.63
1ad4a155973702f3714034c9b9ab29788b670c02,115.14
1ad4a155973702f3714034c9b9ab29788b670c02,116.29
1ad4a155973702f3714034c9b9ab29788b670c02,116.77
1ad4a155973702f3714034c9b9ab29788b670c02,116.34
1ad4a155973702f3714034c9b9ab29788b670c02,115.84
1ad4a155973702f3714034c9b9ab29788b670c02,118.00
1ad4a155973702f3714034c9b9ab29788b670c02,116.63
1ad4a155973702f3714034c9b9ab29788b670c02,116.44
1ad4a155973702f3714034c9b9ab29788b670c02,116.64
1ad4a155973702f3714034c9b9ab29788b670c02,116.12
1ad4a155973702f3714034c9b9ab29788b670c02,116.40
1ad4a155973702f3714034c9b9ab29788b670c02,116.84
1ad4a155973702f3714034c9b9ab29788b670c02,116.60
1ad4a155973702f3714034c9b9ab29788b670c02,116.09
1ad4a155973702f3714034c9b9ab29788b670c02,116.44
726dcdf88ca022f1cead486cc4ca239b669c80ea,116.43
726dcdf88ca022f1cead486cc4ca239b669c80ea,116.67
726dcdf88ca022f1cead486cc4ca239b669c80ea,115.76
726dcdf88ca022f1cead486cc4ca239b669c80ea,114.86
726dcdf88ca022f1cead486cc4ca239b669c80ea,116.66
726dcdf88ca022f1cead486cc4ca239b669c80ea,115.69
726dcdf88ca022f1cead486cc4ca239b669c80ea,116.20
726dcdf88ca022f1cead486cc4ca239b669c80ea,115.13
726dcdf88ca022f1cead486cc4ca239b669c80ea,116.43
726dcdf88ca022f1cead486cc4ca239b669c80ea,116.35
726dcdf88ca022f1cead486cc4ca239b669c80ea,115.45
726dcdf88ca022f1cead486cc4ca239b669c80ea,115.85
726dcdf88ca022f1cead486cc4ca239b669c80ea,115.18
726dcdf88ca022f1cead486cc4ca239b669c80ea,116.18
726dcdf88ca022f1cead486cc4ca239b669c80ea,115.90
7ab41d16f2abefb80b6d7788bde2cc4114b38a0e,116.61
7ab41d16f2abefb80b6d7788bde2cc4114b38a0e,114.49
7ab41d16f2abefb80b6d7788bde2cc4114b38a0e,115.72
7ab41d16f2abefb80b6d7788bde2cc4114b38a0e,116.48
7ab41d16f2abefb80b6d7788bde2cc4114b38a0e,115.51
7ab41d16f2abefb80b6d7788bde2cc4114b38a0e,115.53
7ab41d16f2abefb80b6d7788bde2cc4114b38a0e,114.95
7ab41d16f2abefb80b6d7788bde2cc4114b38a0e,115.23
7ab41d16f2abefb80b6d7788bde2cc4114b38a0e,115.78
7ab41d16f2abefb80b6d7788bde2cc4114b38a0e,115.58
7ab41d16f2abefb80b6d7788bde2cc4114b38a0e,115.24
7ab41d16f2abefb80b6d7788bde2cc4114b38a0e,115.85
7ab41d16f2abefb80b6d7788bde2cc4114b38a0e,114.47
7ab41d16f2abefb80b6d7788bde2cc4114b38a0e,116.64
7ab41d16f2abefb80b6d7788bde2cc4114b38a0e,117.72
4d23aae2859e4010da0a3d5c3ff74e3e9c427548,114.86
4d23aae2859e4010da0a3d5c3ff74e3e9c427548,116.21
4d23aae2859e4010da0a3d5c3ff74e3e9c427548,114.54
4d23aae2859e4010da0a3d5c3ff74e3e9c427548,113.94
4d23aae2859e4010da0a3d5c3ff74e3e9c427548,116.55
4d23aae2859e4010da0a3d5c3ff74e3e9c427548,116.49
4d23aae2859e4010da0a3d5c3ff74e3e9c427548,116.93
4d23aae2859e4010da0a3d5c3ff74e3e9c427548,115.32
4d23aae2859e4010da0a3d5c3ff74e3e9c427548,116.59
4d23aae2859e4010da0a3d5c3ff74e3e9c427548,115.07
4d23aae2859e4010da0a3d5c3ff74e3e9c427548,114.76
4d23aae2859e4010da0a3d5c3ff74e3e9c427548,115.40
4d23aae2859e4010da0a3d5c3ff74e3e9c427548,114.73
4d23aae2859e4010da0a3d5c3ff74e3e9c427548,116.61
4d23aae2859e4010da0a3d5c3ff74e3e9c427548,115.43
3bba375e0cb6416efa1a3e3682a7d83cc75a3da8,115.51
3bba375e0cb6416efa1a3e3682a7d83cc75a3da8,114.72
3bba375e0cb6416efa1a3e3682a7d83cc75a3da8,115.22
3bba375e0cb6416efa1a3e3682a7d83cc75a3da8,115.46
3bba375e0cb6416efa1a3e3682a7d83cc75a3da8,115.30
3bba375e0cb6416efa1a3e3682a7d83cc75a3da8,115.29
3bba375e0cb6416efa1a3e3682a7d83cc75a3da8,116.04
3bba375e0cb6416efa1a3e3682a7d83cc75a3da8,116.44
3bba375e0cb6416efa1a3e3682a7d83cc75a3da8,116.46
3bba375e0cb6416efa1a3e3682a7d83cc75a3da8,115.15
3bba375e0cb6416efa1a3e3682a7d83cc75a3da8,132.89
3bba375e0cb6416efa1a3e3682a7d83cc75a3da8,115.71
3bba375e0cb6416efa1a3e3682a7d83cc75a3da8,115.70
3bba375e0cb6416efa1a3e3682a7d83cc75a3da8,116.49
3bba375e0cb6416efa1a3e3682a7d83cc75a3da8,115.54
adf9595df74ad37f0c9c00c9a54942e326e875df,114.64
adf9595df74ad37f0c9c00c9a54942e326e875df,115.30
adf9595df74ad37f0c9c00c9a54942e326e875df,112.73
adf9595df74ad37f0c9c00c9a54942e326e875df,115.76
adf9595df74ad37f0c9c00c9a54942e326e875df,115.44
adf9595df74ad37f0c9c00c9a54942e326e875df,115.84
adf9595df74ad37f0c9c00c9a54942e326e875df,115.48
adf9595df74ad37f0c9c00c9a54942e326e875df,116.76
adf9595df74ad37f0c9c00c9a54942e326e875df,114.36
adf9595df74ad37f0c9c00c9a54942e326e875df,116.29
adf9595df74ad37f0c9c00c9a54942e326e875df,115.58
adf9595df74ad37f0c9c00c9a54942e326e875df,117.28
adf9595df74ad37f0c9c00c9a54942e326e875df,115.73
adf9595df74ad37f0c9c00c9a54942e326e875df,114.54
adf9595df74ad37f0c9c00c9a54942e326e875df,115.60
e1e6af6142f30a0210644be7585ad24424a86060,115.73
e1e6af6142f30a0210644be7585ad24424a86060,116.23
e1e6af6142f30a0210644be7585ad24424a86060,116.48
e1e6af6142f30a0210644be7585ad24424a86060,115.99
e1e6af6142f30a0210644be7585ad24424a86060,116.65
e1e6af6142f30a0210644be7585ad24424a86060,115.96
e1e6af6142f30a0210644be7585ad24424a86060,115.09
e1e6af6142f30a0210644be7585ad24424a86060,115.57
e1e6af6142f30a0210644be7585ad24424a86060,116.99
e1e6af6142f30a0210644be7585ad24424a86060,115.18
e1e6af6142f30a0210644be7585ad24424a86060,115.44
e1e6af6142f30a0210644be7585ad24424a86060,116.33
e1e6af6142f30a0210644be7585ad24424a86060,115.36
e1e6af6142f30a0210644be7585ad24424a86060,113.46
e1e6af6142f30a0210644be7585ad24424a86060,115.76
583ee10ce516b49ca69c15d969ee2df34e8f3853,115.44
583ee10ce516b49ca69c15d969ee2df34e8f3853,115.54
583ee10ce516b49ca69c15d969ee2df34e8f3853,117.42
583ee10ce516b49ca69c15d969ee2df34e8f3853,116.77
583ee10ce516b49ca69c15d969ee2df34e8f3853,117.30
583ee10ce516b49ca69c15d969ee2df34e8f3853,116.75
583ee10ce516b49ca69c15d969ee2df34e8f3853,115.93
583ee10ce516b49ca69c15d969ee2df34e8f3853,116.62
583ee10ce516b49ca69c15d969ee2df34e8f3853,116.73
583ee10ce516b49ca69c15d969ee2df34e8f3853,116.34
583ee10ce516b49ca69c15d969ee2df34e8f3853,116.72
583ee10ce516b49ca69c15d969ee2df34e8f3853,116.24
583ee10ce516b49ca69c15d969ee2df34e8f3853,116.32
583ee10ce516b49ca69c15d969ee2df34e8f3853,116.51
583ee10ce516b49ca69c15d969ee2df34e8f3853,115.75
c98f7bd01efb3cfe838bee2d65e994b1fd0f287c,114.79
c98f7bd01efb3cfe838bee2d65e994b1fd0f287c,115.08
c98f7bd01efb3cfe838bee2d65e994b1fd0f287c,115.32
c98f7bd01efb3cfe838bee2d65e994b1fd0f287c,115.13
c98f7bd01efb3cfe838bee2d65e994b1fd0f287c,116.08
c98f7bd01efb3cfe838bee2d65e994b1fd0f287c,115.04
c98f7bd01efb3cfe838bee2d65e994b1fd0f287c,115.17
c98f7bd01efb3cfe838bee2d65e994b1fd0f287c,116.48
c98f7bd01efb3cfe838bee2d65e994b1fd0f287c,117.08
c98f7bd01efb3cfe838bee2d65e994b1fd0f287c,117.32
c98f7bd01efb3cfe838bee2d65e994b1fd0f287c,118.23
c98f7bd01efb3cfe838bee2d65e994b1fd0f287c,113.98
c98f7bd01efb3cfe838bee2d65e994b1fd0f287c,116.56
c98f7bd01efb3cfe838bee2d65e994b1fd0f287c,117.01
c98f7bd01efb3cfe838bee2d65e994b1fd0f287c,116.31
a6337c2f5c0f16a98a4e496a96267fb48d2f6c52,115.51
a6337c2f5c0f16a98a4e496a96267fb48d2f6c52,115.96
a6337c2f5c0f16a98a4e496a96267fb48d2f6c52,115.70
a6337c2f5c0f16a98a4e496a96267fb48d2f6c52,116.77
a6337c2f5c0f16a98a4e496a96267fb48d2f6c52,116.96
a6337c2f5c0f16a98a4e496a96267fb48d2f6c52,116.37
a6337c2f5c0f16a98a4e496a96267fb48d2f6c52,117.29
a6337c2f5c0f16a98a4e496a96267fb48d2f6c52,116.11
a6337c2f5c0f16a98a4e496a96267fb48d2f6c52,115.84
a6337c2f5c0f16a98a4e496a96267fb48d2f6c52,115.55
a6337c2f5c0f16a98a4e496a96267fb48d2f6c52,115.69
a6337c2f5c0f16a98a4e496a96267fb48d2f6c52,115.97
a6337c2f5c0f16a98a4e496a96267fb48d2f6c52,114.90
a6337c2f5c0f16a98a4e496a96267fb48d2f6c52,114.64
a6337c2f5c0f16a98a4e496a96267fb48d2f6c52,117.08
859da1c9b23a71de257718fa4bbb2c7e2d518614,115.57
859da1c9b23a71de257718fa4bbb2c7e2d518614,115.78
859da1c9b23a71de257718fa4bbb2c7e2d518614,116.81
859da1c9b23a71de257718fa4bbb2c7e2d518614,116.16
859da1c9b23a71de257718fa4bbb2c7e2d518614,117.07
859da1c9b23a71de257718fa4bbb2c7e2d518614,118.15
859da1c9b23a71de257718fa4bbb2c7e2d518614,118.08
859da1c9b23a71de257718fa4bbb2c7e2d518614,116.69
859da1c9b23a71de257718fa4bbb2c7e2d518614,116.35
859da1c9b23a71de257718fa4bbb2c7e2d518614,115.86
859da1c9b23a71de257718fa4bbb2c7e2d518614,114.81
859da1c9b23a71de257718fa4bbb2c7e2d518614,115.92
859da1c9b23a71de257718fa4bbb2c7e2d518614,114.81
859da1c9b23a71de257718fa4bbb2c7e2d518614,115.97
859da1c9b23a71de257718fa4bbb2c7e2d518614,117.35
303e540a4b204c2668c32c821feb3deaf524ec42,114.47
303e540a4b204c2668c32c821feb3deaf524ec42,115.84
303e540a4b204c2668c32c821feb3deaf524ec42,114.31
303e540a4b204c2668c32c821feb3deaf524ec42,116.91
303e540a4b204c2668c32c821feb3deaf524ec42,117.00
303e540a4b204c2668c32c821feb3deaf524ec42,114.75
303e540a4b204c2668c32c821feb3deaf524ec42,115.85
303e540a4b204c2668c32c821feb3deaf524ec42,115.99
303e540a4b204c2668c32c821feb3deaf524ec42,118.18
303e540a4b204c2668c32c821feb3deaf524ec42,115.93
303e540a4b204c2668c32c821feb3deaf524ec42,115.26
303e540a4b204c2668c32c821feb3deaf524ec42,115.12
303e540a4b204c2668c32c821feb3deaf524ec42,114.25
303e540a4b204c2668c32c821feb3deaf524ec42,115.48
303e540a4b204c2668c32c821feb3deaf524ec42,114.88
5aabb2eb60bbcd05df968005f1746ba19dcd5361,116.12
5aabb2eb60bbcd05df968005f1746ba19dcd5361,115.53
5aabb2eb60bbcd05df968005f1746ba19dcd5361,113.96
5aabb2eb60bbcd05df968005f1746ba19dcd5361,115.95
5aabb2eb60bbcd05df968005f1746ba19dcd5361,116.27
5aabb2eb60bbcd05df968005f1746ba19dcd5361,113.44
5aabb2eb60bbcd05df968005f1746ba19dcd5361,116.44
5aabb2eb60bbcd05df968005f1746ba19dcd5361,115.51
5aabb2eb60bbcd05df968005f1746ba19dcd5361,115.77
5aabb2eb60bbcd05df968005f1746ba19dcd5361,116.47
5aabb2eb60bbcd05df968005f1746ba19dcd5361,115.30
5aabb2eb60bbcd05df968005f1746ba19dcd5361,116.35
5aabb2eb60bbcd05df968005f1746ba19dcd5361,114.04
5aabb2eb60bbcd05df968005f1746ba19dcd5361,116.18
5aabb2eb60bbcd05df968005f1746ba19dcd5361,115.68
196e61a0289fda10c3054f768d041c58e4cf1b26,117.87
196e61a0289fda10c3054f768d041c58e4cf1b26,114.70
196e61a0289fda10c3054f768d041c58e4cf1b26,116.68
196e61a0289fda10c3054f768d041c58e4cf1b26,118.39
196e61a0289fda10c3054f768d041c58e4cf1b26,114.25
196e61a0289fda10c3054f768d041c58e4cf1b26,115.35
196e61a0289fda10c3054f768d041c58e4cf1b26,117.22
196e61a0289fda10c3054f768d041c58e4cf1b26,117.05
196e61a0289fda10c3054f768d041c58e4cf1b26,115.60
196e61a0289fda10c3054f768d041c58e4cf1b26,115.74
196e61a0289fda10c3054f768d041c58e4cf1b26,115.69
196e61a0289fda10c3054f768d041c58e4cf1b26,118.06
196e61a0289fda10c3054f768d041c58e4cf1b26,116.43
196e61a0289fda10c3054f768d041c58e4cf1b26,117.06
196e61a0289fda10c3054f768d041c58e4cf1b26,115.96
ebad1872760568d5c6cc60f65c0a2034dcb66691,115.73
ebad1872760568d5c6cc60f65c0a2034dcb66691,115.95
ebad1872760568d5c6cc60f65c0a2034dcb66691,115.60
ebad1872760568d5c6cc60f65c0a2034dcb66691,117.01
ebad1872760568d5c6cc60f65c0a2034dcb66691,116.33
ebad1872760568d5c6cc60f65c0a2034dcb66691,116.02
ebad1872760568d5c6cc60f65c0a2034dcb66691,116.17
ebad1872760568d5c6cc60f65c0a2034dcb66691,116.83
ebad1872760568d5c6cc60f65c0a2034dcb66691,116.82
ebad1872760568d5c6cc60f65c0a2034dcb66691,114.71
ebad1872760568d5c6cc60f65c0a2034dcb66691,116.05
ebad1872760568d5c6cc60f65c0a2034dcb66691,117.23
ebad1872760568d5c6cc60f65c0a2034dcb66691,114.56
ebad1872760568d5c6cc60f65c0a2034dcb66691,116.97
ebad1872760568d5c6cc60f65c0a2034dcb66691,115.43
68325881fd3119a1f7952b9d8466208d61aa14fa,116.74
68325881fd3119a1f7952b9d8466208d61aa14fa,115.81
68325881fd3119a1f7952b9d8466208d61aa14fa,114.12
68325881fd3119a1f7952b9d8466208d61aa14fa,114.70
68325881fd3119a1f7952b9d8466208d61aa14fa,116.19
68325881fd3119a1f7952b9d8466208d61aa14fa,115.28
68325881fd3119a1f7952b9d8466208d61aa14fa,114.65
68325881fd3119a1f7952b9d8466208d61aa14fa,117.12
68325881fd3119a1f7952b9d8466208d61aa14fa,114.61
68325881fd3119a1f7952b9d8466208d61aa14fa,116.89
68325881fd3119a1f7952b9d8466208d61aa14fa,116.00
68325881fd3119a1f7952b9d8466208d61aa14fa,115.26
68325881fd3119a1f7952b9d8466208d61aa14fa,114.41
68325881fd3119a1f7952b9d8466208d61aa14fa,116.46
68325881fd3119a1f7952b9d8466208d61aa14fa,116.10
7589f79f3a7329b77c605a11a6825aed8b812f0f,116.53
7589f79f3a7329b77c605a11a6825aed8b812f0f,115.77
7589f79f3a7329b77c605a11a6825aed8b812f0f,114.61
7589f79f3a7329b77c605a11a6825aed8b812f0f,116.52
7589f79f3a7329b77c605a11a6825aed8b812f0f,117.42
7589f79f3a7329b77c605a11a6825aed8b812f0f,116.98
7589f79f3a7329b77c605a11a6825aed8b812f0f,115.82
7589f79f3a7329b77c605a11a6825aed8b812f0f,117.97
7589f79f3a7329b77c605a11a6825aed8b812f0f,116.41
7589f79f3a7329b77c605a11a6825aed8b812f0f,116.04
7589f79f3a7329b77c605a11a6825aed8b812f0f,115.17
7589f79f3a7329b77c605a11a6825aed8b812f0f,116.28
7589f79f3a7329b77c605a11a6825aed8b812f0f,116.00
7589f79f3a7329b77c605a11a6825aed8b812f0f,115.03
7589f79f3a7329b77c605a11a6825aed8b812f0f,117.54
77d2af5ec31faf04419d945e1a0c34da49f8a702,115.29
77d2af5ec31faf04419d945e1a0c34da49f8a702,117.20
77d2af5ec31faf04419d945e1a0c34da49f8a702,117.04
77d2af5ec31faf04419d945e1a0c34da49f8a702,115.22
77d2af5ec31faf04419d945e1a0c34da49f8a702,115.78
77d2af5ec31faf04419d945e1a0c34da49f8a702,115.22
77d2af5ec31faf04419d945e1a0c34da49f8a702,114.48
77d2af5ec31faf04419d945e1a0c34da49f8a702,115.99
77d2af5ec31faf04419d945e1a0c34da49f8a702,116.12
77d2af5ec31faf04419d945e1a0c34da49f8a702,115.41
77d2af5ec31faf04419d945e1a0c34da49f8a702,116.04
77d2af5ec31faf04419d945e1a0c34da49f8a702,114.76
77d2af5ec31faf04419d945e1a0c34da49f8a702,115.85
77d2af5ec31faf04419d945e1a0c34da49f8a702,115.89
77d2af5ec31faf04419d945e1a0c34da49f8a702,115.97
fce2e5b6ef1cd48c0cb3e436d2454389fceeb637,115.79
fce2e5b6ef1cd48c0cb3e436d2454389fceeb637,116.67
fce2e5b6ef1cd48c0cb3e436d2454389fceeb637,116.06
fce2e5b6ef1cd48c0cb3e436d2454389fceeb637,114.81
fce2e5b6ef1cd48c0cb3e436d2454389fceeb637,114.86
fce2e5b6ef1cd48c0cb3e436d2454389fceeb637,116.02
fce2e5b6ef1cd48c0cb3e436d2454389fceeb637,115.46
fce2e5b6ef1cd48c0cb3e436d2454389fceeb637,115.97
fce2e5b6ef1cd48c0cb3e436d2454389fceeb637,115.65
fce2e5b6ef1cd48c0cb3e436d2454389fceeb637,115.41
fce2e5b6ef1cd48c0cb3e436d2454389fceeb637,116.01
fce2e5b6ef1cd48c0cb3e436d2454389fceeb637,116.62
fce2e5b6ef1cd48c0cb3e436d2454389fceeb637,114.20
fce2e5b6ef1cd48c0cb3e436d2454389fceeb637,115.62
fce2e5b6ef1cd48c0cb3e436d2454389fceeb637,116.24
5fdd9e6e4ac5db18b89433d13e7c34a144ef7a7c,115.72
5fdd9e6e4ac5db18b89433d13e7c34a144ef7a7c,115.71
5fdd9e6e4ac5db18b89433d13e7c34a144ef7a7c,115.25
5fdd9e6e4ac5db18b89433d13e7c34a144ef7a7c,116.63
5fdd9e6e4ac5db18b89433d13e7c34a144ef7a7c,116.00
5fdd9e6e4ac5db18b89433d13e7c34a144ef7a7c,116.64
5fdd9e6e4ac5db18b89433d13e7c34a144ef7a7c,115.06
5fdd9e6e4ac5db18b89433d13e7c34a144ef7a7c,116.13
5fdd9e6e4ac5db18b89433d13e7c34a144ef7a7c,116.31
5fdd9e6e4ac5db18b89433d13e7c34a144ef7a7c,115.95
5fdd9e6e4ac5db18b89433d13e7c34a144ef7a7c,115.28
5fdd9e6e4ac5db18b89433d13e7c34a144ef7a7c,116.22
5fdd9e6e4ac5db18b89433d13e7c34a144ef7a7c,116.31
5fdd9e6e4ac5db18b89433d13e7c34a144ef7a7c,115.68
5fdd9e6e4ac5db18b89433d13e7c34a144ef7a7c,115.85
4f851cae6822289c55aff539786405d2bf473584,116.29
4f851cae6822289c55aff539786405d2bf473584,114.51
4f851cae6822289c55aff539786405d2bf473584,115.70
4f851cae6822289c55aff539786405d2bf473584,116.07
4f851cae6822289c55aff539786405d2bf473584,115.38
4f851cae6822289c55aff539786405d2bf473584,117.15
4f851cae6822289c55aff539786405d2bf473584,115.50
4f851cae6822289c55aff539786405d2bf473584,115.69
4f851cae6822289c55aff539786405d2bf473584,115.93
4f851cae6822289c55aff539786405d2bf473584,115.65
4f851cae6822289c55aff539786405d2bf473584,115.82
4f851cae6822289c55aff539786405d2bf473584,116.61
4f851cae6822289c55aff539786405d2bf473584,116.80
4f851cae6822289c55aff539786405d2bf473584,116.49
4f851cae6822289c55aff539786405d2bf473584,116.17
eda47f1a223d387accedeaed7a3d4f9096fbe5ba,117.98
eda47f1a223d387accedeaed7a3d4f9096fbe5ba,116.25
eda47f1a223d387accedeaed7a3d4f9096fbe5ba,117.09
eda47f1a223d387accedeaed7a3d4f9096fbe5ba,117.55
eda47f1a223d387accedeaed7a3d4f9096fbe5ba,117.60
eda47f1a223d387accedeaed7a3d4f9096fbe5ba,116.45
eda47f1a223d387accedeaed7a3d4f9096fbe5ba,116.18
eda47f1a223d387accedeaed7a3d4f9096fbe5ba,117.47
eda47f1a223d387accedeaed7a3d4f9096fbe5ba,115.57
eda47f1a223d387accedeaed7a3d4f9096fbe5ba,115.87
eda47f1a223d387accedeaed7a3d4f9096fbe5ba,116.46
eda47f1a223d387accedeaed7a3d4f9096fbe5ba,115.81
eda47f1a223d387accedeaed7a3d4f9096fbe5ba,115.98
eda47f1a223d387accedeaed7a3d4f9096fbe5ba,116.58
eda47f1a223d387accedeaed7a3d4f9096fbe5ba,114.46
7222848bef6a43a15a0809596f024544ecf38397,116.54
7222848bef6a43a15a0809596f024544ecf38397,117.53
7222848bef6a43a15a0809596f024544ecf38397,117.29
7222848bef6a43a15a0809596f024544ecf38397,115.57
7222848bef6a43a15a0809596f024544ecf38397,115.96
7222848bef6a43a15a0809596f024544ecf38397,118.38
7222848bef6a43a15a0809596f024544ecf38397,116.18
7222848bef6a43a15a0809596f024544ecf38397,116.32
7222848bef6a43a15a0809596f024544ecf38397,116.00
7222848bef6a43a15a0809596f024544ecf38397,115.16
7222848bef6a43a15a0809596f024544ecf38397,117.15
7222848bef6a43a15a0809596f024544ecf38397,115.88
7222848bef6a43a15a0809596f024544ecf38397,116.23
7222848bef6a43a15a0809596f024544ecf38397,115.95
7222848bef6a43a15a0809596f024544ecf38397,116.19
ad12d46652db64975a2fb6718a941c3ada2ea6be,117.70
ad12d46652db64975a2fb6718a941c3ada2ea6be,115.83
ad12d46652db64975a2fb6718a941c3ada2ea6be,116.24
ad12d46652db64975a2fb6718a941c3ada2ea6be,116.12
ad12d46652db64975a2fb6718a941c3ada2ea6be,116.35
ad12d46652db64975a2fb6718a941c3ada2ea6be,114.51
ad12d46652db64975a2fb6718a941c3ada2ea6be,115.89
ad12d46652db64975a2fb6718a941c3ada2ea6be,117.32
ad12d46652db64975a2fb6718a941c3ada2ea6be,114.90
ad12d46652db64975a2fb6718a941c3ada2ea6be,118.18
ad12d46652db64975a2fb6718a941c3ada2ea6be,116.61
ad12d46652db64975a2fb6718a941c3ada2ea6be,115.58
ad12d46652db64975a2fb6718a941c3ada2ea6be,115.68
ad12d46652db64975a2fb6718a941c3ada2ea6be,116.57
ad12d46652db64975a2fb6718a941c3ada2ea6be,116.54
1ba265ee1cd5bc354ee11ac1ca7a2ce8e71d3a98,132.39
1ba265ee1cd5bc354ee11ac1ca7a2ce8e71d3a98,131.01
1ba265ee1cd5bc354ee11ac1ca7a2ce8e71d3a98,131.47
1ba265ee1cd5bc354ee11ac1ca7a2ce8e71d3a98,131.50
1ba265ee1cd5bc354ee11ac1ca7a2ce8e71d3a98,133.77
1ba265ee1cd5bc354ee11ac1ca7a2ce8e71d3a98,133.29
1ba265ee1cd5bc354ee11ac1ca7a2ce8e71d3a98,132.74
1ba265ee1cd5bc354ee11ac1ca7a2ce8e71d3a98,132.53
1ba265ee1cd5bc354ee11ac1ca7a2ce8e71d3a98,132.45
1ba265ee1cd5bc354ee11ac1ca7a2ce8e71d3a98,133.15
1ba265ee1cd5bc354ee11ac1ca7a2ce8e71d3a98,130.57
1ba265ee1cd5bc354ee11ac1ca7a2ce8e71d3a98,132.64
1ba265ee1cd5bc354ee11ac1ca7a2ce8e71d3a98,132.25
1ba265ee1cd5bc354ee11ac1ca7a2ce8e71d3a98,132.27
1ba265ee1cd5bc354ee11ac1ca7a2ce8e71d3a98,131.99
c4cae9087f657945291f15813f4b8566275fb9ba,131.75
c4cae9087f657945291f15813f4b8566275fb9ba,132.82
c4cae9087f657945291f15813f4b8566275fb9ba,130.58
c4cae9087f657945291f15813f4b8566275fb9ba,132.35
c4cae9087f657945291f15813f4b8566275fb9ba,131.01
c4cae9087f657945291f15813f4b8566275fb9ba,129.21
c4cae9087f657945291f15813f4b8566275fb9ba,130.85
c4cae9087f657945291f15813f4b8566275fb9ba,131.62
c4cae9087f657945291f15813f4b8566275fb9ba,128.30
c4cae9087f657945291f15813f4b8566275fb9ba,130.79
c4cae9087f657945291f15813f4b8566275fb9ba,130.88
c4cae9087f657945291f15813f4b8566275fb9ba,131.61
c4cae9087f657945291f15813f4b8566275fb9ba,129.31
c4cae9087f657945291f15813f4b8566275fb9ba,130.63
c4cae9087f657945291f15813f4b8566275fb9ba,130.83
b8197762cfa2adb7ebddcc9ea5c3f5849f1ebf0a,132.63
b8197762cfa2adb7ebddcc9ea5c3f5849f1ebf0a,131.03
b8197762cfa2adb7ebddcc9ea5c3f5849f1ebf0a,132.34
b8197762cfa2adb7ebddcc9ea5c3f5849f1ebf0a,131.36
b8197762cfa2adb7ebddcc9ea5c3f5849f1ebf0a,131.98
b8197762cfa2adb7ebddcc9ea5c3f5849f1ebf0a,132.12
b8197762cfa2adb7ebddcc9ea5c3f5849f1ebf0a,132.29
b8197762cfa2adb7ebddcc9ea5c3f5849f1ebf0a,131.98
b8197762cfa2adb7ebddcc9ea5c3f5849f1ebf0a,132.85
b8197762cfa2adb7ebddcc9ea5c3f5849f1ebf0a,131.39
b8197762cfa2adb7ebddcc9ea5c3f5849f1ebf0a,131.72
b8197762cfa2adb7ebddcc9ea5c3f5849f1ebf0a,132.00
b8197762cfa2adb7ebddcc9ea5c3f5849f1ebf0a,131.73
b8197762cfa2adb7ebddcc9ea5c3f5849f1ebf0a,132.99
b8197762cfa2adb7ebddcc9ea5c3f5849f1ebf0a,130.76
3935957ba891cca5e0a88d8639becad05689154c,131.90
3935957ba891cca5e0a88d8639becad05689154c,132.93
3935957ba891cca5e0a88d8639becad05689154c,132.38
3935957ba891cca5e0a88d8639becad05689154c,132.90
3935957ba891cca5e0a88d8639becad05689154c,132.70
3935957ba891cca5e0a88d8639becad05689154c,130.83
3935957ba891cca5e0a88d8639becad05689154c,133.09
3935957ba891cca5e0a88d8639becad05689154c,132.13
3935957ba891cca5e0a88d8639becad05689154c,132.58
3935957ba891cca5e0a88d8639becad05689154c,133.31
3935957ba891cca5e0a88d8639becad05689154c,133.15
3935957ba891cca5e0a88d8639becad05689154c,131.26
3935957ba891cca5e0a88d8639becad05689154c,131.89
3935957ba891cca5e0a88d8639becad05689154c,132.19
3935957ba891cca5e0a88d8639becad05689154c,132.31
c2d805a8c73615c35d0eea5a7887f7eff412fef4,133.08
c2d805a8c73615c35d0eea5a7887f7eff412fef4,132.28
c2d805a8c73615c35d0eea5a7887f7eff412fef4,131.81
c2d805a8c73615c35d0eea5a7887f7eff412fef4,133.02
c2d805a8c73615c35d0eea5a7887f7eff412fef4,132.76
c2d805a8c73615c35d0eea5a7887f7eff412fef4,131.87
c2d805a8c73615c35d0eea5a7887f7eff412fef4,132.18
c2d805a8c73615c35d0eea5a7887f7eff412fef4,132.02
c2d805a8c73615c35d0eea5a7887f7eff412fef4,131.94
c2d805a8c73615c35d0eea5a7887f7eff412fef4,131.79
c2d805a8c73615c35d0eea5a7887f7eff412fef4,131.53
c2d805a8c73615c35d0eea5a7887f7eff412fef4,132.59
c2d805a8c73615c35d0eea5a7887f7eff412fef4,132.98
c2d805a8c73615c35d0eea5a7887f7eff412fef4,131.82
c2d805a8c73615c35d0eea5a7887f7eff412fef4,133.36
6492b4035fcd44c9fd4553d30b8576c2cb42c278,131.63
6492b4035fcd44c9fd4553d30b8576c2cb42c278,132.45
6492b4035fcd44c9fd4553d30b8576c2cb42c278,130.22
6492b4035fcd44c9fd4553d30b8576c2cb42c278,131.06
6492b4035fcd44c9fd4553d30b8576c2cb42c278,131.56
6492b4035fcd44c9fd4553d30b8576c2cb42c278,132.42
6492b4035fcd44c9fd4553d30b8576c2cb42c278,133.06
6492b4035fcd44c9fd4553d30b8576c2cb42c278,132.70
6492b4035fcd44c9fd4553d30b8576c2cb42c278,131.10
6492b4035fcd44c9fd4553d30b8576c2cb42c278,133.21
6492b4035fcd44c9fd4553d30b8576c2cb42c278,131.87
6492b4035fcd44c9fd4553d30b8576c2cb42c278,132.39
6492b4035fcd44c9fd4553d30b8576c2cb42c278,131.86
6492b4035fcd44c9fd4553d30b8576c2cb42c278,130.96
6492b4035fcd44c9fd4553d30b8576c2cb42c278,131.39
2940177428cdad9d669cec32dc3459fd857438a6,132.71
2940177428cdad9d669cec32dc3459fd857438a6,132.74
2940177428cdad9d669cec32dc3459fd857438a6,132.26
2940177428cdad9d669cec32dc3459fd857438a6,131.62
2940177428cdad9d669cec32dc3459fd857438a6,133.37
2940177428cdad9d669cec32dc3459fd857438a6,132.60
2940177428cdad9d669cec32dc3459fd857438a6,131.32
2940177428cdad9d669cec32dc3459fd857438a6,133.13
2940177428cdad9d669cec32dc3459fd857438a6,133.78
2940177428cdad9d669cec32dc3459fd857438a6,131.96
2940177428cdad9d669cec32dc3459fd857438a6,131.48
2940177428cdad9d669cec32dc3459fd857438a6,132.25
2940177428cdad9d669cec32dc3459fd857438a6,132.14
2940177428cdad9d669cec32dc3459fd857438a6,130.13
2940177428cdad9d669cec32dc3459fd857438a6,133.13
e4ab395b8c37e19dc73b4396a259281384122297,132.21
e4ab395b8c37e19dc73b4396a259281384122297,131.88
e4ab395b8c37e19dc73b4396a259281384122297,133.49
e4ab395b8c37e19dc73b4396a259281384122297,132.57
e4ab395b8c37e19dc73b4396a259281384122297,132.21
e4ab395b8c37e19dc73b4396a259281384122297,132.53
e4ab395b8c37e19dc73b4396a259281384122297,131.53
e4ab395b8c37e19dc73b4396a259281384122297,132.38
e4ab395b8c37e19dc73b4396a259281384122297,133.78
e4ab395b8c37e19dc73b4396a259281384122297,131.76
e4ab395b8c37e19dc73b4396a259281384122297,133.69
e4ab395b8c37e19dc73b4396a259281384122297,132.63
e4ab395b8c37e19dc73b4396a259281384122297,130.78
e4ab395b8c37e19dc73b4396a259281384122297,130.84
e4ab395b8c37e19dc73b4396a259281384122297,132.87
a4f2b16c23b1bfba0419edc1697cb13775c043a9,132.74
a4f2b16c23b1bfba0419edc1697cb13775c043a9,131.35
a4f2b16c23b1bfba0419edc1697cb13775c043a9,132.58
a4f2b16c23b1bfba0419edc1697cb13775c043a9,132.30
a4f2b16c23b1bfba0419edc1697cb13775c043a9,132.48
a4f2b16c23b1bfba0419edc1697cb13775c043a9,132.00
a4f2b16c23b1bfba0419edc1697cb13775c043a9,131.79
a4f2b16c23b1bfba0419edc1697cb13775c043a9,131.63
a4f2b16c23b1bfba0419edc1697cb13775c043a9,132.03
a4f2b16c23b1bfba0419edc1697cb13775c043a9,132.60
a4f2b16c23b1bfba0419edc1697cb13775c043a9,132.47
a4f2b16c23b1bfba0419edc1697cb13775c043a9,132.71
a4f2b16c23b1bfba0419edc1697cb13775c043a9,132.35
a4f2b16c23b1bfba0419edc1697cb13775c043a9,131.81
a4f2b16c23b1bfba0419edc1697cb13775c043a9,132.52
a06b277e824d2b1667fab85e03cb58153c474741,133.06
a06b277e824d2b1667fab85e03cb58153c474741,133.58
a06b277e824d2b1667fab85e03cb58153c474741,131.26
a06b277e824d2b1667fab85e03cb58153c474741,133.24
a06b277e824d2b1667fab85e03cb58153c474741,131.35
a06b277e824d2b1667fab85e03cb58153c474741,133.49
a06b277e824d2b1667fab85e03cb58153c474741,132.84
a06b277e824d2b1667fab85e03cb58153c474741,133.91
a06b277e824d2b1667fab85e03cb58153c474741,132.82
a06b277e824d2b1667fab85e03cb58153c474741,131.56
a06b277e824d2b1667fab85e03cb58153c474741,133.07
a06b277e824d2b1667fab85e03cb58153c474741,132.92
a06b277e824d2b1667fab85e03cb58153c474741,132.88
a06b277e824d2b1667fab85e03cb58153c474741,132.97
a06b277e824d2b1667fab85e03cb58153c474741,132.20
52e6e50d8490fca597092127d519947f48dca733,131.74
52e6e50d8490fca597092127d519947f48dca733,132.50
52e6e50d8490fca597092127d519947f48dca733,133.46
52e6e50d8490fca597092127d519947f48dca733,132.96
52e6e50d8490fca597092127d519947f48dca733,133.46
52e6e50d8490fca597092127d519947f48dca733,132.37
52e6e50d8490fca597092127d519947f48dca733,133.04
52e6e50d8490fca597092127d519947f48dca733,130.77
52e6e50d8490fca597092127d519947f48dca733,131.92
52e6e50d8490fca597092127d519947f48dca733,132.87
52e6e50d8490fca597092127d519947f48dca733,132.62
52e6e50d8490fca597092127d519947f48dca733,133.55
52e6e50d8490fca597092127d519947f48dca733,133.83
52e6e50d8490fca597092127d519947f48dca733,133.11
52e6e50d8490fca597092127d519947f48dca733,131.95
137173919422f5e7fe81ace22bc9f0ae47e8cd54,131.87
137173919422f5e7fe81ace22bc9f0ae47e8cd54,132.81
137173919422f5e7fe81ace22bc9f0ae47e8cd54,131.97
137173919422f5e7fe81ace22bc9f0ae47e8cd54,132.33
137173919422f5e7fe81ace22bc9f0ae47e8cd54,131.86
137173919422f5e7fe81ace22bc9f0ae47e8cd54,132.35
137173919422f5e7fe81ace22bc9f0ae47e8cd54,131.93
137173919422f5e7fe81ace22bc9f0ae47e8cd54,132.58
137173919422f5e7fe81ace22bc9f0ae47e8cd54,131.16
137173919422f5e7fe81ace22bc9f0ae47e8cd54,131.63
137173919422f5e7fe81ace22bc9f0ae47e8cd54,131.62
137173919422f5e7fe81ace22bc9f0ae47e8cd54,131.94
137173919422f5e7fe81ace22bc9f0ae47e8cd54,131.58
137173919422f5e7fe81ace22bc9f0ae47e8cd54,132.65
137173919422f5e7fe81ace22bc9f0ae47e8cd54,134.64
d867bbcfab8edaba0b41b2ca233f52e4dffaee82,131.74
d867bbcfab8edaba0b41b2ca233f52e4dffaee82,131.80
d867bbcfab8edaba0b41b2ca233f52e4dffaee82,131.01
d867bbcfab8edaba0b41b2ca233f52e4dffaee82,132.38
d867bbcfab8edaba0b41b2ca233f52e4dffaee82,131.54
d867bbcfab8edaba0b41b2ca233f52e4dffaee82,131.19
d867bbcfab8edaba0b41b2ca233f52e4dffaee82,131.62
d867bbcfab8edaba0b41b2ca233f52e4dffaee82,131.45
d867bbcfab8edaba0b41b2ca233f52e4dffaee82,131.78
d867bbcfab8edaba0b41b2ca233f52e4dffaee82,130.70
d867bbcfab8edaba0b41b2ca233f52e4dffaee82,133.45
d867bbcfab8edaba0b41b2ca233f52e4dffaee82,132.32
d867bbcfab8edaba0b41b2ca233f52e4dffaee82,130.72
d867bbcfab8edaba0b41b2ca233f52e4dffaee82,132.86
d867bbcfab8edaba0b41b2ca233f52e4dffaee82,132.36
36896b919e97cda9f96938c3eafd56c4b808b592,132.33
36896b919e97cda9f96938c3eafd56c4b808b592,131.17
36896b919e97cda9f96938c3eafd56c4b808b592,130.52
36896b919e97cda9f96938c3eafd56c4b808b592,133.34
36896b919e97cda9f96938c3eafd56c4b808b592,132.10
36896b919e97cda9f96938c3eafd56c4b808b592,132.80
36896b919e97cda9f96938c3eafd56c4b808b592,131.13
36896b919e97cda9f96938c3eafd56c4b808b592,132.06
36896b919e97cda9f96938c3eafd56c4b808b592,132.09
36896b919e97cda9f96938c3eafd56c4b808b592,131.99
36896b919e97cda9f96938c3eafd56c4b808b592,132.38
36896b919e97cda9f96938c3eafd56c4b808b592,131.75
36896b919e97cda9f96938c3eafd56c4b808b592,131.67
36896b919e97cda9f96938c3eafd56c4b808b592,132.11
36896b919e97cda9f96938c3eafd56c4b808b592,131.88
7d01bcad9e7ce19dc5b7c8ba316abdb8d530dc8a,132.48
7d01bcad9e7ce19dc5b7c8ba316abdb8d530dc8a,133.04
7d01bcad9e7ce19dc5b7c8ba316abdb8d530dc8a,132.69
7d01bcad9e7ce19dc5b7c8ba316abdb8d530dc8a,131.73
7d01bcad9e7ce19dc5b7c8ba316abdb8d530dc8a,130.56
7d01bcad9e7ce19dc5b7c8ba316abdb8d530dc8a,131.79
7d01bcad9e7ce19dc5b7c8ba316abdb8d530dc8a,132.07
7d01bcad9e7ce19dc5b7c8ba316abdb8d530dc8a,130.52
7d01bcad9e7ce19dc5b7c8ba316abdb8d530dc8a,131.90
7d01bcad9e7ce19dc5b7c8ba316abdb8d530dc8a,131.46
7d01bcad9e7ce19dc5b7c8ba316abdb8d530dc8a,131.55
7d01bcad9e7ce19dc5b7c8ba316abdb8d530dc8a,130.89
7d01bcad9e7ce19dc5b7c8ba316abdb8d530dc8a,132.61
7d01bcad9e7ce19dc5b7c8ba316abdb8d530dc8a,130.63
7d01bcad9e7ce19dc5b7c8ba316abdb8d530dc8a,131.82
55c03b848279ba492d8645f1febe2133ed6d11d7,132.27
55c03b848279ba492d8645f1febe2133ed6d11d7,132.94
55c03b848279ba492d8645f1febe2133ed6d11d7,132.23
55c03b848279ba492d8645f1febe2133ed6d11d7,131.15
55c03b848279ba492d8645f1febe2133ed6d11d7,132.17
55c03b848279ba492d8645f1febe2133ed6d11d7,131.97
55c03b848279ba492d8645f1febe2133ed6d11d7,131.75
55c03b848279ba492d8645f1febe2133ed6d11d7,132.42
55c03b848279ba492d8645f1febe2133ed6d11d7,131.82
55c03b848279ba492d8645f1febe2133ed6d11d7,131.44
55c03b848279ba492d8645f1febe2133ed6d11d7,132.31
55c03b848279ba492d8645f1febe2133ed6d11d7,132.40
55c03b848279ba492d8645f1febe2133ed6d11d7,131.92
55c03b848279ba492d8645f1febe2133ed6d11d7,132.84
55c03b848279ba492d8645f1febe2133ed6d11d7,132.84
7d9b69e003da6ba5d5e8cc87e85cca2b03c3b66e,175.43
7d9b69e003da6ba5d5e8cc87e85cca2b03c3b66e,176.76
7d9b69e003da6ba5d5e8cc87e85cca2b03c3b66e,175.68
7d9b69e003da6ba5d5e8cc87e85cca2b03c3b66e,176.56
7d9b69e003da6ba5d5e8cc87e85cca2b03c3b66e,175.63
7d9b69e003da6ba5d5e8cc87e85cca2b03c3b66e,176.93
7d9b69e003da6ba5d5e8cc87e85cca2b03c3b66e,176.13
7d9b69e003da6ba5d5e8cc87e85cca2b03c3b66e,176.45
7d9b69e003da6ba5d5e8cc87e85cca2b03c3b66e,175.99
7d9b69e003da6ba5d5e8cc87e85cca2b03c3b66e,175.85
7d9b69e003da6ba5d5e8cc87e85cca2b03c3b66e,175.73
7d9b69e003da6ba5d5e8cc87e85cca2b03c3b66e,176.25
7d9b69e003da6ba5d5e8cc87e85cca2b03c3b66e,174.68
7d9b69e003da6ba5d5e8cc87e85cca2b03c3b66e,175.94
7d9b69e003da6ba5d5e8cc87e85cca2b03c3b66e,176.07
517ecddb6eb3e69d33834ae4f12b78dc0f33583f,177.38
517ecddb6eb3e69d33834ae4f12b78dc0f33583f,178.18
517ecddb6eb3e69d33834ae4f12b78dc0f33583f,177.97
517ecddb6eb3e69d33834ae4f12b78dc0f33583f,178.20
517ecddb6eb3e69d33834ae4f12b78dc0f33583f,178.24
517ecddb6eb3e69d33834ae4f12b78dc0f33583f,176.92
517ecddb6eb3e69d33834ae4f12b78dc0f33583f,177.73
517ecddb6eb3e69d33834ae4f12b78dc0f33583f,176.24
517ecddb6eb3e69d33834ae4f12b78dc0f33583f,177.74
517ecddb6eb3e69d33834ae4f12b78dc0f33583f,177.51
517ecddb6eb3e69d33834ae4f12b78dc0f33583f,177.35
517ecddb6eb3e69d33834ae4f12b78dc0f33583f,178.61
517ecddb6eb3e69d33834ae4f12b78dc0f33583f,177.91
517ecddb6eb3e69d33834ae4f12b78dc0f33583f,176.94
517ecddb6eb3e69d33834ae4f12b78dc0f33583f,176.22
5dda5f4ea92f8538dcc5bd302ead377ef8c4d400,177.33
5dda5f4ea92f8538dcc5bd302ead377ef8c4d400,176.40
5dda5f4ea92f8538dcc5bd302ead377ef8c4d400,176.75
5dda5f4ea92f8538dcc5bd302ead377ef8c4d400,176.19
5dda5f4ea92f8538dcc5bd302ead377ef8c4d400,176.18
5dda5f4ea92f8538dcc5bd302ead377ef8c4d400,177.26
5dda5f4ea92f8538dcc5bd302ead377ef8c4d400,177.88
5dda5f4ea92f8538dcc5bd302ead377ef8c4d400,179.50
5dda5f4ea92f8538dcc5bd302ead377ef8c4d400,177.52
5dda5f4ea92f8538dcc5bd302ead377ef8c4d400,177.37
5dda5f4ea92f8538dcc5bd302ead377ef8c4d400,176.74
5dda5f4ea92f8538dcc5bd302ead377ef8c4d400,177.87
5dda5f4ea92f8538dcc5bd302ead377ef8c4d400,176.81
5dda5f4ea92f8538dcc5bd302ead377ef8c4d400,177.70
5dda5f4ea92f8538dcc5bd302ead377ef8c4d400,176.55
831ecd609e17a3a5f8e114134fa0ce1d2071c6bd,993.89
831ecd609e17a3a5f8e114134fa0ce1d2071c6bd,992.05
831ecd609e17a3a5f8e114134fa0ce1d2071c6bd,988.29
831ecd609e17a3a5f8e114134fa0ce1d2071c6bd,987.68
831ecd609e17a3a5f8e114134fa0ce1d2071c6bd,989.97
831ecd609e17a3a5f8e114134fa0ce1d2071c6bd,991.67
831ecd609e17a3a5f8e114134fa0ce1d2071c6bd,990.72
831ecd609e17a3a5f8e114134fa0ce1d2071c6bd,990.56
831ecd609e17a3a5f8e114134fa0ce1d2071c6bd,992.76
831ecd609e17a3a5f8e114134fa0ce1d2071c6bd,988.79
831ecd609e17a3a5f8e114134fa0ce1d2071c6bd,988.92
831ecd609e17a3a5f8e114134fa0ce1d2071c6bd,991.48
831ecd609e17a3a5f8e114134fa0ce1d2071c6bd,990.00
831ecd609e17a3a5f8e114134fa0ce1d2071c6bd,990.76
831ecd609e17a3a5f8e114134fa0ce1d2071c6bd,990.01
1988ec3c808b0d9e616741bba87846c867f2fa63,991.17
1988ec3c808b0d9e616741bba87846c867f2fa63,990.56
1988ec3c808b0d9e616741bba87846c867f2fa63,990.43
1988ec3c808b0d9e616741bba87846c867f2fa63,992.50
1988ec3c808b0d9e616741bba87846c867f2fa63,993.59
1988ec3c808b0d9e616741bba87846c867f2fa63,995.29
1988ec3c808b0d9e616741bba87846c867f2fa63,993.58
1988ec3c808b0d9e616741bba87846c867f2fa63,990.17
1988ec3c808b0d9e616741bba87846c867f2fa63,988.68
1988ec3c808b0d9e616741bba87846c867f2fa63,992.36
1988ec3c808b0d9e616741bba87846c867f2fa63,989.44
1988ec3c808b0d9e616741bba87846c867f2fa63,988.89
1988ec3c808b0d9e616741bba87846c867f2fa63,989.81
1988ec3c808b0d9e616741bba87846c867f2fa63,989.96
1988ec3c808b0d9e616741bba87846c867f2fa63,990.35
44b4e5aeb3aabd370e9632074c2a426455aeb482,985.43
44b4e5aeb3aabd370e9632074c2a426455aeb482,987.17
44b4e5aeb3aabd370e9632074c2a426455aeb482,988.32
44b4e5aeb3aabd370e9632074c2a426455aeb482,992.69
44b4e5aeb3aabd370e9632074c2a426455aeb482,988.93
44b4e5aeb3aabd370e9632074c2a426455aeb482,991.76
44b4e5aeb3aabd370e9632074c2a426455aeb482,987.77
44b4e5aeb3aabd370e9632074c2a426455aeb482,987.52
44b4e5aeb3aabd370e9632074c2a426455aeb482,988.95
44b4e5aeb3aabd370e9632074c2a426455aeb482,1008.18
44b4e5aeb3aabd370e9632074c2a426455aeb482,991.80
44b4e5aeb3aabd370e9632074c2a426455aeb482,987.59
44b4e5aeb3aabd370e9632074c2a426455aeb482,987.36
44b4e5aeb3aabd370e9632074c2a426455aeb482,989.04
44b4e5aeb3aabd370e9632074c2a426455aeb482,989.74
58b3e65efd4237607361f1643cd485945a508262,115.83
58b3e65efd4237607361f1643cd485945a508262,116.44
58b3e65efd4237607361f1643cd485945a508262,115.65
58b3e65efd4237607361f1643cd485945a508262,116.03
58b3e65efd4237607361f1643cd485945a508262,118.32
58b3e65efd4237607361f1643cd485945a508262,116.89
58b3e65efd4237607361f1643cd485945a508262,116.14
58b3e65efd4237607361f1643cd485945a508262,117.38
58b3e65efd4237607361f1643cd485945a508262,116.74
58b3e65efd4237607361f1643cd485945a508262,116.76
58b3e65efd4237607361f1643cd485945a508262,116.40
58b3e65efd4237607361f1643cd485945a508262,115.98
58b3e65efd4237607361f1643cd485945a508262,115.24
58b3e65efd4237607361f1643cd485945a508262,114.82
58b3e65efd4237607361f1643cd485945a508262,115.71
357a11dfce01095c8369bcdafec7d9a1251cf9fb,115.45
357a11dfce01095c8369bcdafec7d9a1251cf9fb,116.17
357a11dfce01095c8369bcdafec7d9a1251cf9fb,116.66
357a11dfce01095c8369bcdafec7d9a1251cf9fb,117.02
357a11dfce01095c8369bcdafec7d9a1251cf9fb,116.41
357a11dfce01095c8369bcdafec7d9a1251cf9fb,114.99
357a11dfce01095c8369bcdafec7d9a1251cf9fb,116.96
357a11dfce01095c8369bcdafec7d9a1251cf9fb,116.25
357a11dfce01095c8369bcdafec7d9a1251cf9fb,116.41
357a11dfce01095c8369bcdafec7d9a1251cf9fb,116.30
357a11dfce01095c8369bcdafec7d9a1251cf9fb,117.46
357a11dfce01095c8369bcdafec7d9a1251cf9fb,117.08
357a11dfce01095c8369bcdafec7d9a1251cf9fb,115.87
357a11dfce01095c8369bcdafec7d9a1251cf9fb,116.98
357a11dfce01095c8369bcdafec7d9a1251cf9fb,116.80
517d8e5dd523a43c73e42bc06b99de76290056c5,116.80
517d8e5dd523a43c73e42bc06b99de76290056c5,115.29
517d8e5dd523a43c73e42bc06b99de76290056c5,115.99
517d8e5dd523a43c73e42bc06b99de76290056c5,115.77
517d8e5dd523a43c73e42bc06b99de76290056c5,115.97
517d8e5dd523a43c73e42bc06b99de76290056c5,115.75
517d8e5dd523a43c73e42bc06b99de76290056c5,115.45
517d8e5dd523a43c73e42bc06b99de76290056c5,115.49
517d8e5dd523a43c73e42bc06b99de76290056c5,115.62
517d8e5dd523a43c73e42bc06b99de76290056c5,117.30
517d8e5dd523a43c73e42bc06b99de76290056c5,115.58
517d8e5dd523a43c73e42bc06b99de76290056c5,114.44
517d8e5dd523a43c73e42bc06b99de76290056c5,115.29
517d8e5dd523a43c73e42bc06b99de76290056c5,117.03
517d8e5dd523a43c73e42bc06b99de76290056c5,116.41
49ee4db49a3a0c4fdb0f376d729c064292fdc642,116.65
49ee4db49a3a0c4fdb0f376d729c064292fdc642,115.77
49ee4db49a3a0c4fdb0f376d729c064292fdc642,115.56
49ee4db49a3a0c4fdb0f376d729c064292fdc642,114.26
49ee4db49a3a0c4fdb0f376d729c064292fdc642,115.00
49ee4db49a3a0c4fdb0f376d729c064292fdc642,116.01
49ee4db49a3a0c4fdb0f376d729c064292fdc642,118.86
49ee4db49a3a0c4fdb0f376d729c064292fdc642,115.56
49ee4db49a3a0c4fdb0f376d729c064292fdc642,115.94
49ee4db49a3a0c4fdb0f376d729c064292fdc642,115.37
49ee4db49a3a0c4fdb0f376d729c064292fdc642,115.71
49ee4db49a3a0c4fdb0f376d729c064292fdc642,114.33
49ee4db49a3a0c4fdb0f376d729c064292fdc642,116.66
49ee4db49a3a0c4fdb0f376d729c064292fdc642,116.81
49ee4db49a3a0c4fdb0f376d729c064292fdc642,115.62
27427bd091e14fca210bed9953711103f5ce7cad,115.95
27427bd091e14fca210bed9953711103f5ce7cad,116.51
27427bd091e14fca210bed9953711103f5ce7cad,116.10
27427bd091e14fca210bed9953711103f5ce7cad,117.21
27427bd091e14fca210bed9953711103f5ce7cad,118.32
27427bd091e14fca210bed9953711103f5ce7cad,116.88
27427bd091e14fca210bed9953711103f5ce7cad,116.24
27427bd091e14fca210bed9953711103f5ce7cad,116.69
27427bd091e14fca210bed9953711103f5ce7cad,116.06
27427bd091e14fca210bed9953711103f5ce7cad,115.32
27427bd091e14fca210bed9953711103f5ce7cad,116.80
27427bd091e14fca210bed9953711103f5ce7cad,115.20
27427bd091e14fca210bed9953711103f5ce7cad,116.17
27427bd091e14fca210bed9953711103f5ce7cad,115.72
27427bd091e14fca210bed9953711103f5ce7cad,117.27
2b375134c541731816dea07e12ce7e720661d5b5,115.24
2b375134c541731816dea07e12ce7e720661d5b5,115.20
2b375134c541731816dea07e12ce7e720661d5b5,115.17
2b375134c541731816dea07e12ce7e720661d5b5,115.47
2b375134c541731816dea07e12ce7e720661d5b5,115.78
2b375134c541731816dea07e12ce7e720661d5b5,116.14
2b375134c541731816dea07e12ce7e720661d5b5,115.68
2b375134c541731816dea07e12ce7e720661d5b5,116.35
2b375134c541731816dea07e12ce7e720661d5b5,115.67
2b375134c541731816dea07e12ce7e720661d5b5,117.00
2b375134c541731816dea07e12ce7e720661d5b5,116.19
2b375134c541731816dea07e12ce7e720661d5b5,113.86
2b375134c541731816dea07e12ce7e720661d5b5,115.21
2b375134c541731816dea07e12ce7e720661d5b5,116.58
2b375134c541731816dea07e12ce7e720661d5b5,115.29
2f996967195423ac77390c6d43253bfc0bcdd40e,116.03
2f996967195423ac77390c6d43253bfc0bcdd40e,116.61
2f996967195423ac77390c6d43253bfc0bcdd40e,116.05
2f996967195423ac77390c6d43253bfc0bcdd40e,116.32
2f996967195423ac77390c6d43253bfc0bcdd40e,115.05
2f996967195423ac77390c6d43253bfc0bcdd40e,117.02
2f996967195423ac77390c6d43253bfc0bcdd40e,115.49
2f996967195423ac77390c6d43253bfc0bcdd40e,115.80
2f996967195423ac77390c6d43253bfc0bcdd40e,115.18
2f996967195423ac77390c6d43253bfc0bcdd40e,117.14
2f996967195423ac77390c6d43253bfc0bcdd40e,114.97
2f996967195423ac77390c6d43253bfc0bcdd40e,116.11
2f996967195423ac77390c6d43253bfc0bcdd40e,117.62
2f996967195423ac77390c6d43253bfc0bcdd40e,117.25
2f996967195423ac77390c6d43253bfc0bcdd40e,116.66
c185535411eda2e5974fe493a25d3998e6f1d35a,117.33
c185535411eda2e5974fe493a25d3998e6f1d35a,116.59
c185535411eda2e5974fe493a25d3998e6f1d35a,116.45
c185535411eda2e5974fe493a25d3998e6f1d35a,117.35
c185535411eda2e5974fe493a25d3998e6f1d35a,116.71
c185535411eda2e5974fe493a25d3998e6f1d35a,116.43
c185535411eda2e5974fe493a25d3998e6f1d35a,116.96
c185535411eda2e5974fe493a25d3998e6f1d35a,117.10
c185535411eda2e5974fe493a25d3998e6f1d35a,115.24
c185535411eda2e5974fe493a25d3998e6f1d35a,116.05
c185535411eda2e5974fe493a25d3998e6f1d35a,116.95
c185535411eda2e5974fe493a25d3998e6f1d35a,115.81
c185535411eda2e5974fe493a25d3998e6f1d35a,114.32
c185535411eda2e5974fe493a25d3998e6f1d35a,115.67
c185535411eda2e5974fe493a25d3998e6f1d35a,114.62
a6521f1850fc494d93b630424a575610ab397493,117.43
a6521f1850fc494d93b630424a575610ab397493,116.00
a6521f1850fc494d93b630424a575610ab397493,115.98
a6521f1850fc494d93b630424a575610ab397493,116.84
a6521f1850fc494d93b630424a575610ab397493,115.32
a6521f1850fc494d93b630424a575610ab397493,115.74
a6521f1850fc494d93b630424a575610ab397493,114.60
a6521f1850fc494d93b630424a575610ab397493,116.64
a6521f1850fc494d93b630424a575610ab397493,117.21
a6521f1850fc494d93b630424a575610ab397493,117.38
a6521f1850fc494d93b630424a575610ab397493,116.21
a6521f1850fc494d93b630424a575610ab397493,116.50
a6521f1850fc494d93b630424a575610ab397493,115.54
a6521f1850fc494d93b630424a575610ab397493,116.44
a6521f1850fc494d93b630424a575610ab397493,116.99
d28300a5bc2bfca432b24bb660a0ceb1e1aa45d6,115.44
d28300a5bc2bfca432b24bb660a0ceb1e1aa45d6,115.19
d28300a5bc2bfca432b24bb660a0ceb1e1aa45d6,116.26
d28300a5bc2bfca432b24bb660a0ceb1e1aa45d6,115.84
d28300a5bc2bfca432b24bb660a0ceb1e1aa45d6,115.81
d28300a5bc2bfca432b24bb660a0ceb1e1aa45d6,116.30
d28300a5bc2bfca432b24bb660a0ceb1e1aa45d6,116.45
d28300a5bc2bfca432b24bb660a0ceb1e1aa45d6,116.78
d28300a5bc2bfca432b24bb660a0ceb1e1aa45d6,116.25
d28300a5bc2bfca432b24bb660a0ceb1e1aa45d6,115.39
d28300a5bc2bfca432b24bb660a0ceb1e1aa45d6,116.55
d28300a5bc2bfca432b24bb660a0ceb1e1aa45d6,116.61
d28300a5bc2bfca432b24bb660a0ceb1e1aa45d6,115.23
d28300a5bc2bfca432b24bb660a0ceb1e1aa45d6,115.66
d28300a5bc2bfca432b24bb660a0ceb1e1aa45d6,116.15
ae002e534ed9ec0ab0de17091e4f77bbe66b7346,116.04
ae002e534ed9ec0ab0de17091e4f77bbe66b7346,117.10
ae002e534ed9ec0ab0de17091e4f77bbe66b7346,115.01
ae002e534ed9ec0ab0de17091e4f77bbe66b7346,116.54
ae002e534ed9ec0ab0de17091e4f77bbe66b7346,116.74
ae002e534ed9ec0ab0de17091e4f77bbe66b7346,116.54
ae002e534ed9ec0ab0de17091e4f77bbe66b7346,117.40
ae002e534ed9ec0ab0de17091e4f77bbe66b7346,116.28
ae002e534ed9ec0ab0de17091e4f77bbe66b7346,116.37
ae002e534ed9ec0ab0de17091e4f77bbe66b7346,115.72
ae002e534ed9ec0ab0de17091e4f77bbe66b7346,114.98
ae002e534ed9ec0ab0de17091e4f77bbe66b7346,116.75
ae002e534ed9ec0ab0de17091e4f77bbe66b7346,116.09
ae002e534ed9ec0ab0de17091e4f77bbe66b7346,114.63
ae002e534ed9ec0ab0de17091e4f77bbe66b7346,116.10
9f2b0dd79f5ce74f6a5c327413d68c759bc83065,116.01
9f2b0dd79f5ce74f6a5c327413d68c759bc83065,115.47
9f2b0dd79f5ce74f6a5c327413d68c759bc83065,115.53
9f2b0dd79f5ce74f6a5c327413d68c759bc83065,117.47
9f2b0dd79f5ce74f6a5c327413d68c759bc83065,116.53
9f2b0dd79f5ce74f6a5c327413d68c759bc83065,114.85
9f2b0dd79f5ce74f6a5c327413d68c759bc83065,115.39
9f2b0dd79f5ce74f6a5c327413d68c759bc83065,115.24
9f2b0dd79f5ce74f6a5c327413d68c759bc83065,115.25
9f2b0dd79f5ce74f6a5c327413d68c759bc83065,115.94
9f2b0dd79f5ce74f6a5c327413d68c759bc83065,116.87
9f2b0dd79f5ce74f6a5c327413d68c759bc83065,115.94
9f2b0dd79f5ce74f6a5c327413d68c759bc83065,115.10
9f2b0dd79f5ce74f6a5c327413d68c759bc83065,115.57
9f2b0dd79f5ce74f6a5c327413d68c759bc83065,115.47
2e63a8db9ce73661958a332b3f8055d3c2dfb28e,116.73
2e63a8db9ce73661958a332b3f8055d3c2dfb28e,115.86
2e63a8db9ce73661958a332b3f8055d3c2dfb28e,115.67
2e63a8db9ce73661958a332b3f8055d3c2dfb28e,116.57
2e63a8db9ce73661958a332b3f8055d3c2dfb28e,115.42
2e63a8db9ce73661958a332b3f8055d3c2dfb28e,117.02
2e63a8db9ce73661958a332b3f8055d3c2dfb28e,117.68
2e63a8db9ce73661958a332b3f8055d3c2dfb28e,116.09
2e63a8db9ce73661958a332b3f8055d3c2dfb28e,117.41
2e63a8db9ce73661958a332b3f8055d3c2dfb28e,116.18
2e63a8db9ce73661958a332b3f8055d3c2dfb28e,116.58
2e63a8db9ce73661958a332b3f8055d3c2dfb28e,116.06
2e63a8db9ce73661958a332b3f8055d3c2dfb28e,115.98
2e63a8db9ce73661958a332b3f8055d3c2dfb28e,115.75
2e63a8db9ce73661958a332b3f8055d3c2dfb28e,116.01
c277cd1a43fea8df96972fa00116a3c2286e9ca8,113.75
c277cd1a43fea8df96972fa00116a3c2286e9ca8,116.04
c277cd1a43fea8df96972fa00116a3c2286e9ca8,116.13
c277cd1a43fea8df96972fa00116a3c2286e9ca8,115.39
c277cd1a43fea8df96972fa00116a3c2286e9ca8,116.23
c277cd1a43fea8df96972fa00116a3c2286e9ca8,116.32
c277cd1a43fea8df96972fa00116a3c2286e9ca8,115.49
c277cd1a43fea8df96972fa00116a3c2286e9ca8,115.35
c277cd1a43fea8df96972fa00116a3c2286e9ca8,115.40
c277cd1a43fea8df96972fa00116a3c2286e9ca8,114.10
c277cd1a43fea8df96972fa00116a3c2286e9ca8,116.37
c277cd1a43fea8df96972fa00116a3c2286e9ca8,115.54
c277cd1a43fea8df96972fa00116a3c2286e9ca8,116.38
c277cd1a43fea8df96972fa00116a3c2286e9ca8,115.76
c277cd1a43fea8df96972fa00116a3c2286e9ca8,116.94
013e4c6e15ab5976dab37d0a5a987a69cf07944e,116.36
013e4c6e15ab5976dab37d0a5a987a69cf07944e,115.89
013e4c6e15ab5976dab37d0a5a987a69cf07944e,116.41
013e4c6e15ab5976dab37d0a5a987a69cf07944e,115.87
013e4c6e15ab5976dab37d0a5a987a69cf07944e,116.82
013e4c6e15ab5976dab37d0a5a987a69cf07944e,116.29
013e4c6e15ab5976dab37d0a5a987a69cf07944e,115.87
013e4c6e15ab5976dab37d0a5a987a69cf07944e,116.07
013e4c6e15ab5976dab37d0a5a987a69cf07944e,114.47
013e4c6e15ab5976dab37d0a5a987a69cf07944e,117.12
013e4c6e15ab5976dab37d0a5a987a69cf07944e,116.33
013e4c6e15ab5976dab37d0a5a987a69cf07944e,115.10
013e4c6e15ab5976dab37d0a5a987a69cf07944e,117.03
013e4c6e15ab5976dab37d0a5a987a69cf07944e,116.52
013e4c6e15ab5976dab37d0a5a987a69cf07944e,115.41
9cbd49769a18e11038869db153b242aef62ba93a,117.20
9cbd49769a18e11038869db153b242aef62ba93a,115.61
9cbd49769a18e11038869db153b242aef62ba93a,116.77
9cbd49769a18e11038869db153b242aef62ba93a,116.35
9cbd49769a18e11038869db153b242aef62ba93a,117.06
9cbd49769a18e11038869db153b242aef62ba93a,115.80
9cbd49769a18e11038869db153b242aef62ba93a,116.37
9cbd49769a18e11038869db153b242aef62ba93a,116.93
9cbd49769a18e11038869db153b242aef62ba93a,116.11
9cbd49769a18e11038869db153b242aef62ba93a,117.45
9cbd49769a18e11038869db153b242aef62ba93a,117.55
9cbd49769a18e11038869db153b242aef62ba93a,115.48
9cbd49769a18e11038869db153b242aef62ba93a,116.25
9cbd49769a18e11038869db153b242aef62ba93a,116.09
9cbd49769a18e11038869db153b242aef62ba93a,115.87
be82765411dd926735d2b5e8b48ff36a9286e96a,115.62
be82765411dd926735d2b5e8b48ff36a9286e96a,115.08
be82765411dd926735d2b5e8b48ff36a9286e96a,115.30
be82765411dd926735d2b5e8b48ff36a9286e96a,115.61
be82765411dd926735d2b5e8b48ff36a9286e96a,116.90
be82765411dd926735d2b5e8b48ff36a9286e96a,116.58
be82765411dd926735d2b5e8b48ff36a9286e96a,116.58
be82765411dd926735d2b5e8b48ff36a9286e96a,116.55
be82765411dd926735d2b5e8b48ff36a9286e96a,115.53
be82765411dd926735d2b5e8b48ff36a9286e96a,117.20
be82765411dd926735d2b5e8b48ff36a9286e96a,115.74
be82765411dd926735d2b5e8b48ff36a9286e96a,115.40
be82765411dd926735d2b5e8b48ff36a9286e96a,116.13
be82765411dd926735d2b5e8b48ff36a9286e96a,114.36
be82765411dd926735d2b5e8b48ff36a9286e96a,115.92
d2199c3af3f1706b2f94e7e5a54c3da8f183c95e,115.30
d2199c3af3f1706b2f94e7e5a54c3da8f183c95e,115.06
d2199c3af3f1706b2f94e7e5a54c3da8f183c95e,115.30
d2199c3af3f1706b2f94e7e5a54c3da8f183c95e,115.01
d2199c3af3f1706b2f94e7e5a54c3da8f183c95e,115.59
d2199c3af3f1706b2f94e7e5a54c3da8f183c95e,115.76
d2199c3af3f1706b2f94e7e5a54c3da8f183c95e,114.88
d2199c3af3f1706b2f94e7e5a54c3da8f183c95e,116.31
d2199c3af3f1706b2f94e7e5a54c3da8f183c95e,115.57
d2199c3af3f1706b2f94e7e5a54c3da8f183c95e,115.37
d2199c3af3f1706b2f94e7e5a54c3da8f183c95e,116.23
d2199c3af3f1706b2f94e7e5a54c3da8f183c95e,116.48
d2199c3af3f1706b2f94e7e5a54c3da8f183c95e,114.86
d2199c3af3f1706b2f94e7e5a54c3da8f183c95e,115.92
d2199c3af3f1706b2f94e7e5a54c3da8f183c95e,114.24
90956bd49ad5fd42472aab6a552f2a34bdfe30f4,115.01
90956bd49ad5fd42472aab6a552f2a34bdfe30f4,116.69
90956bd49ad5fd42472aab6a552f2a34bdfe30f4,116.51
90956bd49ad5fd42472aab6a552f2a34bdfe30f4,115.52
90956bd49ad5fd42472aab6a552f2a34bdfe30f4,115.45
90956bd49ad5fd42472aab6a552f2a34bdfe30f4,116.87
90956bd49ad5fd42472aab6a552f2a34bdfe30f4,115.96
90956bd49ad5fd42472aab6a552f2a34bdfe30f4,115.62
90956bd49ad5fd42472aab6a552f2a34bdfe30f4,116.27
90956bd49ad5fd42472aab6a552f2a34bdfe30f4,117.03
90956bd49ad5fd42472aab6a552f2a34bdfe30f4,115.58
90956bd49ad5fd42472aab6a552f2a34bdfe30f4,115.38
90956bd49ad5fd42472aab6a552f2a34bdfe30f4,115.82
90956bd49ad5fd42472aab6a552f2a34bdfe30f4,116.59
90956bd49ad5fd42472aab6a552f2a34bdfe30f4,114.57
8316f6d8a06d853a6fd606e7fa54a33f11b296c9,115.85
8316f6d8a06d853a6fd606e7fa54a33f11b296c9,114.37
8316f6d8a06d853a6fd606e7fa54a33f11b296c9,116.22
8316f6d8a06d853a6fd606e7fa54a33f11b296c9,115.74
8316f6d8a06d853a6fd606e7fa54a33f11b296c9,116.74
8316f6d8a06d853a6fd606e7fa54a33f11b296c9,116.43
8316f6d8a06d853a6fd606e7fa54a33f11b296c9,116.75
8316f6d8a06d853a6fd606e7fa54a33f11b296c9,116.57
8316f6d8a06d853a6fd606e7fa54a33f11b296c9,114.81
8316f6d8a06d853a6fd606e7fa54a33f11b296c9,116.81
8316f6d8a06d853a6fd606e7fa54a33f11b296c9,116.39
8316f6d8a06d853a6fd606e7fa54a33f11b296c9,116.13
8316f6d8a06d853a6fd606e7fa54a33f11b296c9,115.05
8316f6d8a06d853a6fd606e7fa54a33f11b296c9,116.37
8316f6d8a06d853a6fd606e7fa54a33f11b296c9,116.38
1f973f7575677202a4b1e21d9074c3419b79d96f,116.64
1f973f7575677202a4b1e21d9074c3419b79d96f,115.35
1f973f7575677202a4b1e21d9074c3419b79d96f,116.06
1f973f7575677202a4b1e21d9074c3419b79d96f,116.85
1f973f7575677202a4b1e21d9074c3419b79d96f,116.14
1f973f7575677202a4b1e21d9074c3419b79d96f,116.16
1f973f7575677202a4b1e21d9074c3419b79d96f,117.09
1f973f7575677202a4b1e21d9074c3419b79d96f,116.60
1f973f7575677202a4b1e21d9074c3419b79d96f,115.85
1f973f7575677202a4b1e21d9074c3419b79d96f,114.58
1f973f7575677202a4b1e21d9074c3419b79d96f,115.67
1f973f7575677202a4b1e21d9074c3419b79d96f,115.81
1f973f7575677202a4b1e21d9074c3419b79d96f,116.91
1f973f7575677202a4b1e21d9074c3419b79d96f,116.56
1f973f7575677202a4b1e21d9074c3419b79d96f,116.41
5a1272d6ab956f261c1fa1a2f1a801e3830870de,116.00
5a1272d6ab956f261c1fa1a2f1a801e3830870de,115.90
5a1272d6ab956f261c1fa1a2f1a801e3830870de,116.64
5a1272d6ab956f261c1fa1a2f1a801e3830870de,115.80
5a1272d6ab956f261c1fa1a2f1a801e3830870de,116.58
5a1272d6ab956f261c1fa1a2f1a801e3830870de,116.63
5a1272d6ab956f261c1fa1a2f1a801e3830870de,116.12
5a1272d6ab956f261c1fa1a2f1a801e3830870de,116.63
5a1272d6ab956f261c1fa1a2f1a801e3830870de,114.95
5a1272d6ab956f261c1fa1a2f1a801e3830870de,116.64
5a1272d6ab956f261c1fa1a2f1a801e3830870de,115.19
5a1272d6ab956f261c1fa1a2f1a801e3830870de,113.02
5a1272d6ab956f261c1fa1a2f1a801e3830870de,116.16
5a1272d6ab956f261c1fa1a2f1a801e3830870de,116.38
5a1272d6ab956f261c1fa1a2f1a801e3830870de,114.74
3ae8e407005402ba2d075f98baa4e1692ba8236e,115.32
3ae8e407005402ba2d075f98baa4e1692ba8236e,117.31
3ae8e407005402ba2d075f98baa4e1692ba8236e,115.68
3ae8e407005402ba2d075f98baa4e1692ba8236e,116.14
3ae8e407005402ba2d075f98baa4e1692ba8236e,116.80
3ae8e407005402ba2d075f98baa4e1692ba8236e,116.94
3ae8e407005402ba2d075f98baa4e1692ba8236e,116.30
3ae8e407005402ba2d075f98baa4e1692ba8236e,119.26
3ae8e407005402ba2d075f98baa4e1692ba8236e,116.88
3ae8e407005402ba2d075f98baa4e1692ba8236e,117.19
3ae8e407005402ba2d075f98baa4e1692ba8236e,117.14
3ae8e407005402ba2d075f98baa4e1692ba8236e,116.98
3ae8e407005402ba2d075f98baa4e1692ba8236e,116.07
3ae8e407005402ba2d075f98baa4e1692ba8236e,117.77
3ae8e407005402ba2d075f98baa4e1692ba8236e,115.07
435579f27cb8259ba14c1a868245a843e053211f,993.67
435579f27cb8259ba14c1a868245a843e053211f,991.12
435579f27cb8259ba14c1a868245a843e053211f,992.65
435579f27cb8259ba14c1a868245a843e053211f,993.02
435579f27cb8259ba14c1a868245a843e053211f,988.76
435579f27cb8259ba14c1a868245a843e053211f,991.23
435579f27cb8259ba14c1a868245a843e053211f,990.91
435579f27cb8259ba14c1a868245a843e053211f,993.01
435579f27cb8259ba14c1a868245a843e053211f,991.33
435579f27cb8259ba14c1a868245a843e053211f,990.04
435579f27cb8259ba14c1a868245a843e053211f,990.90
435579f27cb8259ba14c1a868245a843e053211f,991.13
435579f27cb8259ba14c1a868245a843e053211f,988.13
435579f27cb8259ba14c1a868245a843e053211f,991.75
435579f27cb8259ba14c1a868245a843e053211f,990.06
282a9b762853d9a4d75a61ac49d60697245292d5,991.11
282a9b762853d9a4d75a61ac49d60697245292d5,988.73
282a9b762853d9a4d75a61ac49d60697245292d5,982.58
282a9b762853d9a4d75a61ac49d60697245292d5,989.78
282a9b762853d9a4d75a61ac49d60697245292d5,986.72
282a9b762853d9a4d75a61ac49d60697245292d5,993.81
282a9b762853d9a4d75a61ac49d60697245292d5,989.14
282a9b762853d9a4d75a61ac49d60697245292d5,995.47
282a9b762853d9a4d75a61ac49d60697245292d5,987.25
282a9b762853d9a4d75a61ac49d60697245292d5,988.35
282a9b762853d9a4d75a61ac49d60697245292d5,988.23
282a9b762853d9a4d75a61ac49d60697245292d5,986.60
282a9b762853d9a4d75a61ac49d60697245292d5,988.98
282a9b762853d9a4d75a61ac49d60697245292d5,990.28
282a9b762853d9a4d75a61ac49d60697245292d5,1063.85
ca9115f1ec0095c839561e987baaae8deb4ea91b,990.79
ca9115f1ec0095c839561e987baaae8deb4ea91b,993.25
ca9115f1ec0095c839561e987baaae8deb4ea91b,991.88
ca9115f1ec0095c839561e987baaae8deb4ea91b,991.86
ca9115f1ec0095c839561e987baaae8deb4ea91b,988.97
ca9115f1ec0095c839561e987baaae8deb4ea91b,993.44
ca9115f1ec0095c839561e987baaae8deb4ea91b,993.03
ca9115f1ec0095c839561e987baaae8deb4ea91b,992.09
ca9115f1ec0095c839561e987baaae8deb4ea91b,990.88
ca9115f1ec0095c839561e987baaae8deb4ea91b,989.70
ca9115f1ec0095c839561e987baaae8deb4ea91b,993.11
ca9115f1ec0095c839561e987baaae8deb4ea91b,990.00
ca9115f1ec0095c839561e987baaae8deb4ea91b,992.02
ca9115f1ec0095c839561e987baaae8deb4ea91b,989.64
ca9115f1ec0095c839561e987baaae8deb4ea91b,992.04
02ade4bd792803082cdc9e5fda246e641717ce08,993.20
02ade4bd792803082cdc9e5fda246e641717ce08,991.72
02ade4bd792803082cdc9e5fda246e641717ce08,992.59
02ade4bd792803082cdc9e5fda246e641717ce08,991.20
02ade4bd792803082cdc9e5fda246e641717ce08,994.15
02ade4bd792803082cdc9e5fda246e641717ce08,992.06
02ade4bd792803082cdc9e5fda246e641717ce08,989.68
02ade4bd792803082cdc9e5fda246e641717ce08,994.98
02ade4bd792803082cdc9e5fda246e641717ce08,992.70
02ade4bd792803082cdc9e5fda246e641717ce08,991.28
02ade4bd792803082cdc9e5fda246e641717ce08,988.00
02ade4bd792803082cdc9e5fda246e641717ce08,989.69
02ade4bd792803082cdc9e5fda246e641717ce08,993.38
02ade4bd792803082cdc9e5fda246e641717ce08,991.87
02ade4bd792803082cdc9e5fda246e641717ce08,993.38
658debfad680e7bdda297d0ae6ef9b493041b358,989.95
658debfad680e7bdda297d0ae6ef9b493041b358,1063.24
658debfad680e7bdda297d0ae6ef9b493041b358,989.08
658debfad680e7bdda297d0ae6ef9b493041b358,990.38
658debfad680e7bdda297d0ae6ef9b493041b358,989.79
658debfad680e7bdda297d0ae6ef9b493041b358,993.21
658debfad680e7bdda297d0ae6ef9b493041b358,989.73
658debfad680e7bdda297d0ae6ef9b493041b358,991.04
658debfad680e7bdda297d0ae6ef9b493041b358,989.97
658debfad680e7bdda297d0ae6ef9b493041b358,990.28
658debfad680e7bdda297d0ae6ef9b493041b358,994.16
658debfad680e7bdda297d0ae6ef9b493041b358,988.35
658debfad680e7bdda297d0ae6ef9b493041b358,991.47
658debfad680e7bdda297d0ae6ef9b493041b358,989.83
658debfad680e7bdda297d0ae6ef9b493041b358,989.06
751d815ec6b94fd9f5dc0eadb65c73793fb626fe,985.73
751d815ec6b94fd9f5dc0eadb65c73793fb626fe,990.51
751d815ec6b94fd9f5dc0eadb65c73793fb626fe,989.03
751d815ec6b94fd9f5dc0eadb65c73793fb626fe,989.04
751d815ec6b94fd9f5dc0eadb65c73793fb626fe,992.11
751d815ec6b94fd9f5dc0eadb65c73793fb626fe,983.07
751d815ec6b94fd9f5dc0eadb65c73793fb626fe,986.58
751d815ec6b94fd9f5dc0eadb65c73793fb626fe,991.50
751d815ec6b94fd9f5dc0eadb65c73793fb626fe,988.88
751d815ec6b94fd9f5dc0eadb65c73793fb626fe,987.16
751d815ec6b94fd9f5dc0eadb65c73793fb626fe,991.24
751d815ec6b94fd9f5dc0eadb65c73793fb626fe,990.66
751d815ec6b94fd9f5dc0eadb65c73793fb626fe,989.32
751d815ec6b94fd9f5dc0eadb65c73793fb626fe,988.04
751d815ec6b94fd9f5dc0eadb65c73793fb626fe,987.54
91585a0eb39675200b8954d4bc9b2d428937a440,990.96
91585a0eb39675200b8954d4bc9b2d428937a440,984.53
91585a0eb39675200b8954d4bc9b2d428937a440,991.72
91585a0eb39675200b8954d4bc9b2d428937a440,989.96
91585a0eb39675200b8954d4bc9b2d428937a440,989.39
91585a0eb39675200b8954d4bc9b2d428937a440,989.23
91585a0eb39675200b8954d4bc9b2d428937a440,986.96
91585a0eb39675200b8954d4bc9b2d428937a440,991.26
91585a0eb39675200b8954d4bc9b2d428937a440,988.25
91585a0eb39675200b8954d4bc9b2d428937a440,989.64
91585a0eb39675200b8954d4bc9b2d428937a440,986.46
91585a0eb39675200b8954d4bc9b2d428937a440,991.89
91585a0eb39675200b8954d4bc9b2d428937a440,990.01
91585a0eb39675200b8954d4bc9b2d428937a440,992.42
91585a0eb39675200b8954d4bc9b2d428937a440,991.11
66a46287d9c1cb10ae6fec3f9499554642d6a40c,993.58
66a46287d9c1cb10ae6fec3f9499554642d6a40c,990.28
66a46287d9c1cb10ae6fec3f9499554642d6a40c,990.77
66a46287d9c1cb10ae6fec3f9499554642d6a40c,990.63
66a46287d9c1cb10ae6fec3f9499554642d6a40c,986.73
66a46287d9c1cb10ae6fec3f9499554642d6a40c,986.92
66a46287d9c1cb10ae6fec3f9499554642d6a40c,992.55
66a46287d9c1cb10ae6fec3f9499554642d6a40c,991.12
66a46287d9c1cb10ae6fec3f9499554642d6a40c,990.16
66a46287d9c1cb10ae6fec3f9499554642d6a40c,990.89
66a46287d9c1cb10ae6fec3f9499554642d6a40c,992.86
66a46287d9c1cb10ae6fec3f9499554642d6a40c,992.33
66a46287d9c1cb10ae6fec3f9499554642d6a40c,991.51
66a46287d9c1cb10ae6fec3f9499554642d6a40c,992.52
66a46287d9c1cb10ae6fec3f9499554642d6a40c,992.39
cb4b2138b49545814706c2cf5ec328940cf9b4d3,991.15
cb4b2138b49545814706c2cf5ec328940cf9b4d3,988.84
cb4b2138b49545814706c2cf5ec328940cf9b4d3,986.06
cb4b2138b49545814706c2cf5ec328940cf9b4d3,987.59
cb4b2138b49545814706c2cf5ec328940cf9b4d3,986.48
cb4b2138b49545814706c2cf5ec328940cf9b4d3,986.07
cb4b2138b49545814706c2cf5ec328940cf9b4d3,984.69
cb4b2138b49545814706c2cf5ec328940cf9b4d3,988.39
cb4b2138b49545814706c2cf5ec328940cf9b4d3,989.78
cb4b2138b49545814706c2cf5ec328940cf9b4d3,992.79
cb4b2138b49545814706c2cf5ec328940cf9b4d3,989.50
cb4b2138b49545814706c2cf5ec328940cf9b4d3,986.86
cb4b2138b49545814706c2cf5ec328940cf9b4d3,990.01
cb4b2138b49545814706c2cf5ec328940cf9b4d3,989.52
cb4b2138b49545814706c2cf5ec328940cf9b4d3,985.22
04d689e07e5613917d64a914d0bdf12477336a19,991.72
04d689e07e5613917d64a914d0bdf12477336a19,990.33
04d689e07e5613917d64a914d0bdf12477336a19,988.06
04d689e07e5613917d64a914d0bdf12477336a19,987.42
04d689e07e5613917d64a914d0bdf12477336a19,992.47
04d689e07e5613917d64a914d0bdf12477336a19,991.83
04d689e07e5613917d64a914d0bdf12477336a19,993.03
04d689e07e5613917d64a914d0bdf12477336a19,990.01
04d689e07e5613917d64a914d0bdf12477336a19,991.93
04d689e07e5613917d64a914d0bdf12477336a19,989.30
04d689e07e5613917d64a914d0bdf12477336a19,989.62
04d689e07e5613917d64a914d0bdf12477336a19,992.92
04d689e07e5613917d64a914d0bdf12477336a19,1064.92
04d689e07e5613917d64a914d0bdf12477336a19,990.23
04d689e07e5613917d64a914d0bdf12477336a19,991.94
3a544915a86c7cbaf0b296c95c24322310c5a75b,988.72
3a544915a86c7cbaf0b296c95c24322310c5a75b,988.11
3a544915a86c7cbaf0b296c95c24322310c5a75b,988.92
3a544915a86c7cbaf0b296c95c24322310c5a75b,986.21
3a544915a86c7cbaf0b296c95c24322310c5a75b,990.64
3a544915a86c7cbaf0b296c95c24322310c5a75b,987.41
3a544915a86c7cbaf0b296c95c24322310c5a75b,985.83
3a544915a86c7cbaf0b296c95c24322310c5a75b,988.65
3a544915a86c7cbaf0b296c95c24322310c5a75b,987.95
3a544915a86c7cbaf0b296c95c24322310c5a75b,986.95
3a544915a86c7cbaf0b296c95c24322310c5a75b,987.42
3a544915a86c7cbaf0b296c95c24322310c5a75b,987.34
3a544915a86c7cbaf0b296c95c24322310c5a75b,990.50
3a544915a86c7cbaf0b296c95c24322310c5a75b,986.99
3a544915a86c7cbaf0b296c95c24322310c5a75b,987.60
eef103a35387855e5a4157e0aceab1d4428b5dd1,988.40
eef103a35387855e5a4157e0aceab1d4428b5dd1,989.23
eef103a35387855e5a4157e0aceab1d4428b5dd1,990.22
eef103a35387855e5a4157e0aceab1d4428b5dd1,987.01
eef103a35387855e5a4157e0aceab1d4428b5dd1,989.38
eef103a35387855e5a4157e0aceab1d4428b5dd1,988.55
eef103a35387855e5a4157e0aceab1d4428b5dd1,988.31
eef103a35387855e5a4157e0aceab1d4428b5dd1,988.89
eef103a35387855e5a4157e0aceab1d4428b5dd1,990.87
eef103a35387855e5a4157e0aceab1d4428b5dd1,988.10
eef103a35387855e5a4157e0aceab1d4428b5dd1,987.68
eef103a35387855e5a4157e0aceab1d4428b5dd1,993.18
eef103a35387855e5a4157e0aceab1d4428b5dd1,989.02
eef103a35387855e5a4157e0aceab1d4428b5dd1,989.57
eef103a35387855e5a4157e0aceab1d4428b5dd1,993.33
1a6ad9dcd6fbeedfc7cb098f23b15e227ed1b275,987.32
1a6ad9dcd6fbeedfc7cb098f23b15e227ed1b275,989.36
1a6ad9dcd6fbeedfc7cb098f23b15e227ed1b275,986.80
1a6ad9dcd6fbeedfc7cb098f23b15e227ed1b275,991.75
1a6ad9dcd6fbeedfc7cb098f23b15e227ed1b275,987.90
1a6ad9dcd6fbeedfc7cb098f23b15e227ed1b275,989.86
1a6ad9dcd6fbeedfc7cb098f23b15e227ed1b275,988.95
1a6ad9dcd6fbeedfc7cb098f23b15e227ed1b275,990.12
1a6ad9dcd6fbeedfc7cb098f23b15e227ed1b275,990.96
1a6ad9dcd6fbeedfc7cb098f23b15e227ed1b275,987.96
1a6ad9dcd6fbeedfc7cb098f23b15e227ed1b275,987.88
1a6ad9dcd6fbeedfc7cb098f23b15e227ed1b275,991.82
1a6ad9dcd6fbeedfc7cb098f23b15e227ed1b275,989.27
1a6ad9dcd6fbeedfc7cb098f23b15e227ed1b275,992.31
1a6ad9dcd6fbeedfc7cb098f23b15e227ed1b275,991.99
d5908a249db6aa76b14f9661bc7f40e41ec7bc0c,993.38
d5908a249db6aa76b14f9661bc7f40e41ec7bc0c,990.43
d5908a249db6aa76b14f9661bc7f40e41ec7bc0c,990.53
d5908a249db6aa76b14f9661bc7f40e41ec7bc0c,992.20
d5908a249db6aa76b14f9661bc7f40e41ec7bc0c,991.26
d5908a249db6aa76b14f9661bc7f40e41ec7bc0c,991.99
d5908a249db6aa76b14f9661bc7f40e41ec7bc0c,992.94
d5908a249db6aa76b14f9661bc7f40e41ec7bc0c,993.45
d5908a249db6aa76b14f9661bc7f40e41ec7bc0c,994.93
d5908a249db6aa76b14f9661bc7f40e41ec7bc0c,991.93
d5908a249db6aa76b14f9661bc7f40e41ec7bc0c,994.65
d5908a249db6aa76b14f9661bc7f40e41ec7bc0c,992.22
d5908a249db6aa76b14f9661bc7f40e41ec7bc0c,992.83
d5908a249db6aa76b14f9661bc7f40e41ec7bc0c,990.81
d5908a249db6aa76b14f9661bc7f40e41ec7bc0c,992.49
bb9fdd670f2b5cf511520721461488cf1ecfc117,986.21
bb9fdd670f2b5cf511520721461488cf1ecfc117,990.56
bb9fdd670f2b5cf511520721461488cf1ecfc117,991.65
bb9fdd670f2b5cf511520721461488cf1ecfc117,992.45
bb9fdd670f2b5cf511520721461488cf1ecfc117,989.44
bb9fdd670f2b5cf511520721461488cf1ecfc117,991.61
bb9fdd670f2b5cf511520721461488cf1ecfc117,988.79
bb9fdd670f2b5cf511520721461488cf1ecfc117,991.50
bb9fdd670f2b5cf511520721461488cf1ecfc117,990.63
bb9fdd670f2b5cf511520721461488cf1ecfc117,991.67
bb9fdd670f2b5cf511520721461488cf1ecfc117,991.07
bb9fdd670f2b5cf511520721461488cf1ecfc117,995.27
bb9fdd670f2b5cf511520721461488cf1ecfc117,989.47
bb9fdd670f2b5cf511520721461488cf1ecfc117,991.23
bb9fdd670f2b5cf511520721461488cf1ecfc117,988.90
00312094ecf4ea543eeaf3beb7dcfdb932898405,989.21
00312094ecf4ea543eeaf3beb7dcfdb932898405,985.91
00312094ecf4ea543eeaf3beb7dcfdb932898405,986.76
00312094ecf4ea543eeaf3beb7dcfdb932898405,988.98
00312094ecf4ea543eeaf3beb7dcfdb932898405,989.19
00312094ecf4ea543eeaf3beb7dcfdb932898405,987.15
00312094ecf4ea543eeaf3beb7dcfdb932898405,986.02
00312094ecf4ea543eeaf3beb7dcfdb932898405,987.69
00312094ecf4ea543eeaf3beb7dcfdb932898405,987.28
00312094ecf4ea543eeaf3beb7dcfdb932898405,986.35
00312094ecf4ea543eeaf3beb7dcfdb932898405,989.93
00312094ecf4ea543eeaf3beb7dcfdb932898405,987.44
00312094ecf4ea543eeaf3beb7dcfdb932898405,988.97
00312094ecf4ea543eeaf3beb7dcfdb932898405,988.33
00312094ecf4ea543eeaf3beb7dcfdb932898405,988.94
11567593d0d1d5a9a5cc674baf4cf0e82c74966c,985.57
11567593d0d1d5a9a5cc674baf4cf0e82c74966c,990.16
11567593d0d1d5a9a5cc674baf4cf0e82c74966c,988.97
11567593d0d1d5a9a5cc674baf4cf0e82c74966c,987.23
11567593d0d1d5a9a5cc674baf4cf0e82c74966c,986.96
11567593d0d1d5a9a5cc674baf4cf0e82c74966c,986.98
11567593d0d1d5a9a5cc674baf4cf0e82c74966c,984.66
11567593d0d1d5a9a5cc674baf4cf0e82c74966c,986.70
11567593d0d1d5a9a5cc674baf4cf0e82c74966c,989.72
11567593d0d1d5a9a5cc674baf4cf0e82c74966c,986.90
11567593d0d1d5a9a5cc674baf4cf0e82c74966c,985.54
11567593d0d1d5a9a5cc674baf4cf0e82c74966c,987.56
11567593d0d1d5a9a5cc674baf4cf0e82c74966c,986.82
11567593d0d1d5a9a5cc674baf4cf0e82c74966c,989.39
11567593d0d1d5a9a5cc674baf4cf0e82c74966c,988.17
7e3207484e2df256838186be8c7ed5c72e8f93ac,993.08
7e3207484e2df256838186be8c7ed5c72e8f93ac,990.34
7e3207484e2df256838186be8c7ed5c72e8f93ac,988.07
7e3207484e2df256838186be8c7ed5c72e8f93ac,994.17
7e3207484e2df256838186be8c7ed5c72e8f93ac,990.43
7e3207484e2df256838186be8c7ed5c72e8f93ac,993.22
7e3207484e2df256838186be8c7ed5c72e8f93ac,990.03
7e3207484e2df256838186be8c7ed5c72e8f93ac,988.87
7e3207484e2df256838186be8c7ed5c72e8f93ac,990.00
7e3207484e2df256838186be8c7ed5c72e8f93ac,988.12
7e3207484e2df256838186be8c7ed5c72e8f93ac,990.43
7e3207484e2df256838186be8c7ed5c72e8f93ac,990.50
7e3207484e2df256838186be8c7ed5c72e8f93ac,990.13
7e3207484e2df256838186be8c7ed5c72e8f93ac,993.47
7e3207484e2df256838186be8c7ed5c72e8f93ac,989.93
a69d52865f34cd5cb1b7a673c1b57282dea74dec,995.02
a69d52865f34cd5cb1b7a673c1b57282dea74dec,992.54
a69d52865f34cd5cb1b7a673c1b57282dea74dec,994.21
a69d52865f34cd5cb1b7a673c1b57282dea74dec,994.50
a69d52865f34cd5cb1b7a673c1b57282dea74dec,993.21
a69d52865f34cd5cb1b7a673c1b57282dea74dec,988.48
a69d52865f34cd5cb1b7a673c1b57282dea74dec,993.17
a69d52865f34cd5cb1b7a673c1b57282dea74dec,993.55
a69d52865f34cd5cb1b7a673c1b57282dea74dec,993.77
a69d52865f34cd5cb1b7a673c1b57282dea74dec,993.45
a69d52865f34cd5cb1b7a673c1b57282dea74dec,994.46
a69d52865f34cd5cb1b7a673c1b57282dea74dec,992.57
a69d52865f34cd5cb1b7a673c1b57282dea74dec,993.08
a69d52865f34cd5cb1b7a673c1b57282dea74dec,994.22
a69d52865f34cd5cb1b7a673c1b57282dea74dec,992.62
3c44d5fd8d74f768301d9957237cf8db2052794b,116.90
3c44d5fd8d74f768301d9957237cf8db2052794b,114.45
3c44d5fd8d74f768301d9957237cf8db2052794b,114.76
3c44d5fd8d74f768301d9957237cf8db2052794b,114.40
3c44d5fd8d74f768301d9957237cf8db2052794b,117.94
3c44d5fd8d74f768301d9957237cf8db2052794b,115.12
3c44d5fd8d74f768301d9957237cf8db2052794b,116.23
3c44d5fd8d74f768301d9957237cf8db2052794b,116.31
3c44d5fd8d74f768301d9957237cf8db2052794b,116.55
3c44d5fd8d74f768301d9957237cf8db2052794b,116.13
3c44d5fd8d74f768301d9957237cf8db2052794b,115.24
3c44d5fd8d74f768301d9957237cf8db2052794b,116.10
3c44d5fd8d74f768301d9957237cf8db2052794b,115.29
3c44d5fd8d74f768301d9957237cf8db2052794b,116.65
3c44d5fd8d74f768301d9957237cf8db2052794b,114.54
c533dedc7cc6d1408836059c01459a8487db6485,117.97
c533dedc7cc6d1408836059c01459a8487db6485,116.55
c533dedc7cc6d1408836059c01459a8487db6485,115.55
c533dedc7cc6d1408836059c01459a8487db6485,115.11
c533dedc7cc6d1408836059c01459a8487db6485,113.86
c533dedc7cc6d1408836059c01459a8487db6485,115.24
c533dedc7cc6d1408836059c01459a8487db6485,114.55
c533dedc7cc6d1408836059c01459a8487db6485,116.16
c533dedc7cc6d1408836059c01459a8487db6485,116.31
c533dedc7cc6d1408836059c01459a8487db6485,116.13
c533dedc7cc6d1408836059c01459a8487db6485,115.96
c533dedc7cc6d1408836059c01459a8487db6485,116.82
c533dedc7cc6d1408836059c01459a8487db6485,115.54
c533dedc7cc6d1408836059c01459a8487db6485,116.36
c533dedc7cc6d1408836059c01459a8487db6485,117.45
9368edebe136dba2477ad05a05873c08842f3b6b,116.52
9368edebe136dba2477ad05a05873c08842f3b6b,117.25
9368edebe136dba2477ad05a05873c08842f3b6b,114.47
9368edebe136dba2477ad05a05873c08842f3b6b,115.81
9368edebe136dba2477ad05a05873c08842f3b6b,115.05
9368edebe136dba2477ad05a05873c08842f3b6b,114.82
9368edebe136dba2477ad05a05873c08842f3b6b,115.35
9368edebe136dba2477ad05a05873c08842f3b6b,116.80
9368edebe136dba2477ad05a05873c08842f3b6b,115.30
9368edebe136dba2477ad05a05873c08842f3b6b,116.15
9368edebe136dba2477ad05a05873c08842f3b6b,117.28
9368edebe136dba2477ad05a05873c08842f3b6b,115.45
9368edebe136dba2477ad05a05873c08842f3b6b,116.30
9368edebe136dba2477ad05a05873c08842f3b6b,116.35
9368edebe136dba2477ad05a05873c08842f3b6b,116.51
f34c838f1c31531b60d905607f35d531ddaacae1,116.26
f34c838f1c31531b60d905607f35d531ddaacae1,116.28
f34c838f1c31531b60d905607f35d531ddaacae1,115.66
f34c838f1c31531b60d905607f35d531ddaacae1,116.36
f34c838f1c31531b60d905607f35d531ddaacae1,116.29
f34c838f1c31531b60d905607f35d531ddaacae1,116.69
f34c838f1c31531b60d905607f35d531ddaacae1,116.71
f34c838f1c31531b60d905607f35d531ddaacae1,115.93
f34c838f1c31531b60d905607f35d531ddaacae1,116.03
f34c838f1c31531b60d905607f35d531ddaacae1,116.35
f34c838f1c31531b60d905607f35d531ddaacae1,116.18
f34c838f1c31531b60d905607f35d531ddaacae1,116.14
f34c838f1c31531b60d905607f35d531ddaacae1,116.45
f34c838f1c31531b60d905607f35d531ddaacae1,117.11
f34c838f1c31531b60d905607f35d531ddaacae1,116.04
1e8b179cc08dc00f8507b67db6582861fe3068f5,114.43
1e8b179cc08dc00f8507b67db6582861fe3068f5,117.73
1e8b179cc08dc00f8507b67db6582861fe3068f5,114.78
1e8b179cc08dc00f8507b67db6582861fe3068f5,116.97
1e8b179cc08dc00f8507b67db6582861fe3068f5,117.27
1e8b179cc08dc00f8507b67db6582861fe3068f5,115.60
1e8b179cc08dc00f8507b67db6582861fe3068f5,113.62
1e8b179cc08dc00f8507b67db6582861fe3068f5,116.90
1e8b179cc08dc00f8507b67db6582861fe3068f5,115.03
1e8b179cc08dc00f8507b67db6582861fe3068f5,117.72
1e8b179cc08dc00f8507b67db6582861fe3068f5,117.61
1e8b179cc08dc00f8507b67db6582861fe3068f5,116.47
1e8b179cc08dc00f8507b67db6582861fe3068f5,114.73
1e8b179cc08dc00f8507b67db6582861fe3068f5,116.28
1e8b179cc08dc00f8507b67db6582861fe3068f5,116.69
20f076cb921588b80e6bb0b397b9aaf4dde910b5,116.81
20f076cb921588b80e6bb0b397b9aaf4dde910b5,115.91
20f076cb921588b80e6bb0b397b9aaf4dde910b5,115.39
20f076cb921588b80e6bb0b397b9aaf4dde910b5,116.36
20f076cb921588b80e6bb0b397b9aaf4dde910b5,115.09
20f076cb921588b80e6bb0b397b9aaf4dde910b5,115.54
20f076cb921588b80e6bb0b397b9aaf4dde910b5,116.15
20f076cb921588b80e6bb0b397b9aaf4dde910b5,117.82
20f076cb921588b80e6bb0b397b9aaf4dde910b5,115.78
20f076cb921588b80e6bb0b397b9aaf4dde910b5,114.94
20f076cb921588b80e6bb0b397b9aaf4dde910b5,116.41
20f076cb921588b80e6bb0b397b9aaf4dde910b5,118.20
20f076cb921588b80e6bb0b397b9aaf4dde910b5,116.55
20f076cb921588b80e6bb0b397b9aaf4dde910b5,115.01
20f076cb921588b80e6bb0b397b9aaf4dde910b5,116.15
764b1d1026c9dc58028cfbb03a90f6048135ffcf,116.11
764b1d1026c9dc58028cfbb03a90f6048135ffcf,117.41
764b1d1026c9dc58028cfbb03a90f6048135ffcf,115.71
764b1d1026c9dc58028cfbb03a90f6048135ffcf,116.36
764b1d1026c9dc58028cfbb03a90f6048135ffcf,116.06
764b1d1026c9dc58028cfbb03a90f6048135ffcf,115.54
764b1d1026c9dc58028cfbb03a90f6048135ffcf,116.74
764b1d1026c9dc58028cfbb03a90f6048135ffcf,115.48
764b1d1026c9dc58028cfbb03a90f6048135ffcf,115.56
764b1d1026c9dc58028cfbb03a90f6048135ffcf,114.67
764b1d1026c9dc58028cfbb03a90f6048135ffcf,115.76
764b1d1026c9dc58028cfbb03a90f6048135ffcf,115.57
764b1d1026c9dc58028cfbb03a90f6048135ffcf,116.07
764b1d1026c9dc58028cfbb03a90f6048135ffcf,115.58
764b1d1026c9dc58028cfbb03a90f6048135ffcf,116.87
ed3cb650e1dd477fcdf8a74e799b60825e5a98a3,116.09
ed3cb650e1dd477fcdf8a74e799b60825e5a98a3,116.50
ed3cb650e1dd477fcdf8a74e799b60825e5a98a3,116.06
ed3cb650e1dd477fcdf8a74e799b60825e5a98a3,115.24
ed3cb650e1dd477fcdf8a74e799b60825e5a98a3,116.78
ed3cb650e1dd477fcdf8a74e799b60825e5a98a3,114.99
ed3cb650e1dd477fcdf8a74e799b60825e5a98a3,115.75
ed3cb650e1dd477fcdf8a74e799b60825e5a98a3,116.73
ed3cb650e1dd477fcdf8a74e799b60825e5a98a3,116.08
ed3cb650e1dd477fcdf8a74e799b60825e5a98a3,116.92
ed3cb650e1dd477fcdf8a74e799b60825e5a98a3,115.50
ed3cb650e1dd477fcdf8a74e799b60825e5a98a3,113.85
ed3cb650e1dd477fcdf8a74e799b60825e5a98a3,116.83
ed3cb650e1dd477fcdf8a74e799b60825e5a98a3,116.08
ed3cb650e1dd477fcdf8a74e799b60825e5a98a3,116.81
e68ecf2385522009dc74dace96037f8d90be311e,116.55
e68ecf2385522009dc74dace96037f8d90be311e,116.50
e68ecf2385522009dc74dace96037f8d90be311e,116.40
e68ecf2385522009dc74dace96037f8d90be311e,116.27
e68ecf2385522009dc74dace96037f8d90be311e,115.57
e68ecf2385522009dc74dace96037f8d90be311e,115.80
e68ecf2385522009dc74dace96037f8d90be311e,114.96
e68ecf2385522009dc74dace96037f8d90be311e,117.65
e68ecf2385522009dc74dace96037f8d90be311e,116.23
e68ecf2385522009dc74dace96037f8d90be311e,114.21
e68ecf2385522009dc74dace96037f8d90be311e,114.81
e68ecf2385522009dc74dace96037f8d90be311e,115.87
e68ecf2385522009dc74dace96037f8d90be311e,115.07
e68ecf2385522009dc74dace96037f8d90be311e,115.91
e68ecf2385522009dc74dace96037f8d90be311e,115.28
92936c51fb3572f77a4eca9a2c1775afb7580dfa,115.54
92936c51fb3572f77a4eca9a2c1775afb7580dfa,115.68
92936c51fb3572f77a4eca9a2c1775afb7580dfa,115.78
92936c51fb3572f77a4eca9a2c1775afb7580dfa,114.23
92936c51fb3572f77a4eca9a2c1775afb7580dfa,116.97
92936c51fb3572f77a4eca9a2c1775afb7580dfa,115.34
92936c51fb3572f77a4eca9a2c1775afb7580dfa,114.53
92936c51fb3572f77a4eca9a2c1775afb7580dfa,115.41
92936c51fb3572f77a4eca9a2c1775afb7580dfa,117.02
92936c51fb3572f77a4eca9a2c1775afb7580dfa,115.91
92936c51fb3572f77a4eca9a2c1775afb7580dfa,115.52
92936c51fb3572f77a4eca9a2c1775afb7580dfa,115.82
92936c51fb3572f77a4eca9a2c1775afb7580dfa,115.84
92936c51fb3572f77a4eca9a2c1775afb7580dfa,115.54
92936c51fb3572f77a4eca9a2c1775afb7580dfa,115.31
a1571a8d82b0a99df2131dfdfd6749605fee93db,116.69
a1571a8d82b0a99df2131dfdfd6749605fee93db,115.13
a1571a8d82b0a99df2131dfdfd6749605fee93db,115.11
a1571a8d82b0a99df2131dfdfd6749605fee93db,116.65
a1571a8d82b0a99df2131dfdfd6749605fee93db,115.39
a1571a8d82b0a99df2131dfdfd6749605fee93db,115.52
a1571a8d82b0a99df2131dfdfd6749605fee93db,116.54
a1571a8d82b0a99df2131dfdfd6749605fee93db,117.55
a1571a8d82b0a99df2131dfdfd6749605fee93db,115.78
a1571a8d82b0a99df2131dfdfd6749605fee93db,114.74
a1571a8d82b0a99df2131dfdfd6749605fee93db,116.68
a1571a8d82b0a99df2131dfdfd6749605fee93db,116.77
a1571a8d82b0a99df2131dfdfd6749605fee93db,116.24
a1571a8d82b0a99df2131dfdfd6749605fee93db,117.19
a1571a8d82b0a99df2131dfdfd6749605fee93db,116.54
91bf76cbbbd42d733e6b8bef7a094a01ecaccd74,116.68
91bf76cbbbd42d733e6b8bef7a094a01ecaccd74,117.60
91bf76cbbbd42d733e6b8bef7a094a01ecaccd74,113.81
91bf76cbbbd42d733e6b8bef7a094a01ecaccd74,116.32
91bf76cbbbd42d733e6b8bef7a094a01ecaccd74,114.47
91bf76cbbbd42d733e6b8bef7a094a01ecaccd74,115.25
91bf76cbbbd42d733e6b8bef7a094a01ecaccd74,116.14
91bf76cbbbd42d733e6b8bef7a094a01ecaccd74,115.94
91bf76cbbbd42d733e6b8bef7a094a01ecaccd74,116.21
91bf76cbbbd42d733e6b8bef7a094a01ecaccd74,115.79
91bf76cbbbd42d733e6b8bef7a094a01ecaccd74,115.42
91bf76cbbbd42d733e6b8bef7a094a01ecaccd74,116.64
91bf76cbbbd42d733e6b8bef7a094a01ecaccd74,116.36
91bf76cbbbd42d733e6b8bef7a094a01ecaccd74,115.80
91bf76cbbbd42d733e6b8bef7a094a01ecaccd74,116.56
1d9f0bb2ec7bcf7c68466e43d911ab7b58fe2817,115.85
1d9f0bb2ec7bcf7c68466e43d911ab7b58fe2817,116.61
1d9f0bb2ec7bcf7c68466e43d911ab7b58fe2817,115.19
1d9f0bb2ec7bcf7c68466e43d911ab7b58fe2817,117.52
1d9f0bb2ec7bcf7c68466e43d911ab7b58fe2817,118.24
1d9f0bb2ec7bcf7c68466e43d911ab7b58fe2817,116.08
1d9f0bb2ec7bcf7c68466e43d911ab7b58fe2817,116.18
1d9f0bb2ec7bcf7c68466e43d911ab7b58fe2817,115.34
1d9f0bb2ec7bcf7c68466e43d911ab7b58fe2817,115.99
1d9f0bb2ec7bcf7c68466e43d911ab7b58fe2817,117.63
1d9f0bb2ec7bcf7c68466e43d911ab7b58fe2817,115.83
1d9f0bb2ec7bcf7c68466e43d911ab7b58fe2817,116.71
1d9f0bb2ec7bcf7c68466e43d911ab7b58fe2817,116.60
1d9f0bb2ec7bcf7c68466e43d911ab7b58fe2817,116.63
1d9f0bb2ec7bcf7c68466e43d911ab7b58fe2817,116.25
10705517b5d9a0bc8c8a9d3386c84adc0740112c,114.07
10705517b5d9a0bc8c8a9d3386c84adc0740112c,115.61
10705517b5d9a0bc8c8a9d3386c84adc0740112c,115.33
10705517b5d9a0bc8c8a9d3386c84adc0740112c,116.93
10705517b5d9a0bc8c8a9d3386c84adc0740112c,116.55
10705517b5d9a0bc8c8a9d3386c84adc0740112c,116.82
10705517b5d9a0bc8c8a9d3386c84adc0740112c,117.31
10705517b5d9a0bc8c8a9d3386c84adc0740112c,114.90
10705517b5d9a0bc8c8a9d3386c84adc0740112c,116.13
10705517b5d9a0bc8c8a9d3386c84adc0740112c,116.80
10705517b5d9a0bc8c8a9d3386c84adc0740112c,115.12
10705517b5d9a0bc8c8a9d3386c84adc0740112c,116.07
10705517b5d9a0bc8c8a9d3386c84adc0740112c,115.37
10705517b5d9a0bc8c8a9d3386c84adc0740112c,115.52
10705517b5d9a0bc8c8a9d3386c84adc0740112c,116.78
0ebc1d93eb58b451dae75c5825647fef270f70e5,114.96
0ebc1d93eb58b451dae75c5825647fef270f70e5,116.56
0ebc1d93eb58b451dae75c5825647fef270f70e5,116.09
0ebc1d93eb58b451dae75c5825647fef270f70e5,114.66
0ebc1d93eb58b451dae75c5825647fef270f70e5,115.86
0ebc1d93eb58b451dae75c5825647fef270f70e5,115.82
0ebc1d93eb58b451dae75c5825647fef270f70e5,117.28
0ebc1d93eb58b451dae75c5825647fef270f70e5,113.52
0ebc1d93eb58b451dae75c5825647fef270f70e5,115.32
0ebc1d93eb58b451dae75c5825647fef270f70e5,116.19
0ebc1d93eb58b451dae75c5825647fef270f70e5,115.76
0ebc1d93eb58b451dae75c5825647fef270f70e5,117.50
0ebc1d93eb58b451dae75c5825647fef270f70e5,117.22
0ebc1d93eb58b451dae75c5825647fef270f70e5,115.80
0ebc1d93eb58b451dae75c5825647fef270f70e5,116.73
e1340eb7a6d96a5f1fd0dc2337b35bbc94220589,117.19
e1340eb7a6d96a5f1fd0dc2337b35bbc94220589,116.09
e1340eb7a6d96a5f1fd0dc2337b35bbc94220589,116.35
e1340eb7a6d96a5f1fd0dc2337b35bbc94220589,115.97
e1340eb7a6d96a5f1fd0dc2337b35bbc94220589,115.29
e1340eb7a6d96a5f1fd0dc2337b35bbc94220589,116.26
e1340eb7a6d96a5f1fd0dc2337b35bbc94220589,114.32
e1340eb7a6d96a5f1fd0dc2337b35bbc94220589,115.90
e1340eb7a6d96a5f1fd0dc2337b35bbc94220589,116.46
e1340eb7a6d96a5f1fd0dc2337b35bbc94220589,116.18
e1340eb7a6d96a5f1fd0dc2337b35bbc94220589,118.15
e1340eb7a6d96a5f1fd0dc2337b35bbc94220589,115.39
e1340eb7a6d96a5f1fd0dc2337b35bbc94220589,116.24
e1340eb7a6d96a5f1fd0dc2337b35bbc94220589,116.19
e1340eb7a6d96a5f1fd0dc2337b35bbc94220589,115.37
667655df85737199a0942943027c80e845a90aae,116.72
667655df85737199a0942943027c80e845a90aae,116.52
667655df85737199a0942943027c80e845a90aae,116.55
667655df85737199a0942943027c80e845a90aae,115.52
667655df85737199a0942943027c80e845a90aae,115.60
667655df85737199a0942943027c80e845a90aae,116.19
667655df85737199a0942943027c80e845a90aae,115.20
667655df85737199a0942943027c80e845a90aae,116.40
667655df85737199a0942943027c80e845a90aae,116.00
667655df85737199a0942943027c80e845a90aae,115.85
667655df85737199a0942943027c80e845a90aae,116.70
667655df85737199a0942943027c80e845a90aae,114.92
667655df85737199a0942943027c80e845a90aae,116.42
667655df85737199a0942943027c80e845a90aae,114.57
667655df85737199a0942943027c80e845a90aae,115.56
e4d600ab24ae2f3dea8231f15e13d71876e77bda,116.17
e4d600ab24ae2f3dea8231f15e13d71876e77bda,115.90
e4d600ab24ae2f3dea8231f15e13d71876e77bda,116.03
e4d600ab24ae2f3dea8231f15e13d71876e77bda,117.21
e4d600ab24ae2f3dea8231f15e13d71876e77bda,116.46
e4d600ab24ae2f3dea8231f15e13d71876e77bda,116.53
e4d600ab24ae2f3dea8231f15e13d71876e77bda,116.83
e4d600ab24ae2f3dea8231f15e13d71876e77bda,115.80
e4d600ab24ae2f3dea8231f15e13d71876e77bda,114.57
e4d600ab24ae2f3dea8231f15e13d71876e77bda,116.63
e4d600ab24ae2f3dea8231f15e13d71876e77bda,115.33
e4d600ab24ae2f3dea8231f15e13d71876e77bda,116.70
e4d600ab24ae2f3dea8231f15e13d71876e77bda,115.75
e4d600ab24ae2f3dea8231f15e13d71876e77bda,115.99
e4d600ab24ae2f3dea8231f15e13d71876e77bda,115.93
081d054a06e944625546d50a463fc72e1bba67d1,116.69
081d054a06e944625546d50a463fc72e1bba67d1,116.92
081d054a06e944625546d50a463fc72e1bba67d1,115.33
081d054a06e944625546d50a463fc72e1bba67d1,115.63
081d054a06e944625546d50a463fc72e1bba67d1,116.05
081d054a06e944625546d50a463fc72e1bba67d1,116.72
081d054a06e944625546d50a463fc72e1bba67d1,116.37
081d054a06e944625546d50a463fc72e1bba67d1,116.91
081d054a06e944625546d50a463fc72e1bba67d1,116.33
081d054a06e944625546d50a463fc72e1bba67d1,115.27
081d054a06e944625546d50a463fc72e1bba67d1,116.63
081d054a06e944625546d50a463fc72e1bba67d1,116.22
081d054a06e944625546d50a463fc72e1bba67d1,115.88
081d054a06e944625546d50a463fc72e1bba67d1,115.70
081d054a06e944625546d50a463fc72e1bba67d1,116.02
b71736944cf29cfc0a51292a3f6885ea3a377cd4,114.84
b71736944cf29cfc0a51292a3f6885ea3a377cd4,116.16
b71736944cf29cfc0a51292a3f6885ea3a377cd4,116.74
b71736944cf29cfc0a51292a3f6885ea3a377cd4,116.72
b71736944cf29cfc0a51292a3f6885ea3a377cd4,116.59
b71736944cf29cfc0a51292a3f6885ea3a377cd4,116.18
b71736944cf29cfc0a51292a3f6885ea3a377cd4,116.21
b71736944cf29cfc0a51292a3f6885ea3a377cd4,116.46
b71736944cf29cfc0a51292a3f6885ea3a377cd4,117.32
b71736944cf29cfc0a51292a3f6885ea3a377cd4,116.59
b71736944cf29cfc0a51292a3f6885ea3a377cd4,116.69
b71736944cf29cfc0a51292a3f6885ea3a377cd4,115.99
b71736944cf29cfc0a51292a3f6885ea3a377cd4,115.83
b71736944cf29cfc0a51292a3f6885ea3a377cd4,115.26
b71736944cf29cfc0a51292a3f6885ea3a377cd4,117.27
83dba7880aef2ebffcec91012a3544cab6877ad8,116.98
83dba7880aef2ebffcec91012a3544cab6877ad8,118.27
83dba7880aef2ebffcec91012a3544cab6877ad8,116.79
83dba7880aef2ebffcec91012a3544cab6877ad8,117.25
83dba7880aef2ebffcec91012a3544cab6877ad8,116.26
83dba7880aef2ebffcec91012a3544cab6877ad8,115.70
83dba7880aef2ebffcec91012a3544cab6877ad8,116.19
83dba7880aef2ebffcec91012a3544cab6877ad8,115.20
83dba7880aef2ebffcec91012a3544cab6877ad8,115.78
83dba7880aef2ebffcec91012a3544cab6877ad8,115.99
83dba7880aef2ebffcec91012a3544cab6877ad8,116.29
83dba7880aef2ebffcec91012a3544cab6877ad8,116.95
83dba7880aef2ebffcec91012a3544cab6877ad8,116.86
83dba7880aef2ebffcec91012a3544cab6877ad8,117.09
83dba7880aef2ebffcec91012a3544cab6877ad8,115.78
46f0a6dfe349a3a220187735bcf0e3dd27018a28,115.96
46f0a6dfe349a3a220187735bcf0e3dd27018a28,115.43
46f0a6dfe349a3a220187735bcf0e3dd27018a28,116.04
46f0a6dfe349a3a220187735bcf0e3dd27018a28,118.09
46f0a6dfe349a3a220187735bcf0e3dd27018a28,115.75
46f0a6dfe349a3a220187735bcf0e3dd27018a28,114.90
46f0a6dfe349a3a220187735bcf0e3dd27018a28,116.02
46f0a6dfe349a3a220187735bcf0e3dd27018a28,115.93
46f0a6dfe349a3a220187735bcf0e3dd27018a28,118.04
46f0a6dfe349a3a220187735bcf0e3dd27018a28,116.32
46f0a6dfe349a3a220187735bcf0e3dd27018a28,114.76
46f0a6dfe349a3a220187735bcf0e3dd27018a28,116.57
46f0a6dfe349a3a220187735bcf0e3dd27018a28,115.62
46f0a6dfe349a3a220187735bcf0e3dd27018a28,115.44
46f0a6dfe349a3a220187735bcf0e3dd27018a28,116.31
3258839e221c645e9bbc1c2a6aa52a46a0db751d,116.87
3258839e221c645e9bbc1c2a6aa52a46a0db751d,115.85
3258839e221c645e9bbc1c2a6aa52a46a0db751d,115.90
3258839e221c645e9bbc1c2a6aa52a46a0db751d,115.41
3258839e221c645e9bbc1c2a6aa52a46a0db751d,116.67
3258839e221c645e9bbc1c2a6aa52a46a0db751d,116.23
3258839e221c645e9bbc1c2a6aa52a46a0db751d,114.72
3258839e221c645e9bbc1c2a6aa52a46a0db751d,116.44
3258839e221c645e9bbc1c2a6aa52a46a0db751d,117.33
3258839e221c645e9bbc1c2a6aa52a46a0db751d,116.29
3258839e221c645e9bbc1c2a6aa52a46a0db751d,116.46
3258839e221c645e9bbc1c2a6aa52a46a0db751d,116.51
3258839e221c645e9bbc1c2a6aa52a46a0db751d,115.33
3258839e221c645e9bbc1c2a6aa52a46a0db751d,117.96
3258839e221c645e9bbc1c2a6aa52a46a0db751d,116.92
eb18149b70db556610ff833b97c468248d234e24,116.85
eb18149b70db556610ff833b97c468248d234e24,116.56
eb18149b70db556610ff833b97c468248d234e24,116.42
eb18149b70db556610ff833b97c468248d234e24,114.85
eb18149b70db556610ff833b97c468248d234e24,116.87
eb18149b70db556610ff833b97c468248d234e24,115.86
eb18149b70db556610ff833b97c468248d234e24,116.54
eb18149b70db556610ff833b97c468248d234e24,116.77
eb18149b70db556610ff833b97c468248d234e24,116.08
eb18149b70db556610ff833b97c468248d234e24,118.06
eb18149b70db556610ff833b97c468248d234e24,117.24
eb18149b70db556610ff833b97c468248d234e24,116.64
eb18149b70db556610ff833b97c468248d234e24,116.32
eb18149b70db556610ff833b97c468248d234e24,117.59
eb18149b70db556610ff833b97c468248d234e24,116.90
d705ab1662ab3ef0fa307411b231cc09ff6e7ca1,114.80
d705ab1662ab3ef0fa307411b231cc09ff6e7ca1,115.81
d705ab1662ab3ef0fa307411b231cc09ff6e7ca1,116.09
d705ab1662ab3ef0fa307411b231cc09ff6e7ca1,115.94
d705ab1662ab3ef0fa307411b231cc09ff6e7ca1,116.20
d705ab1662ab3ef0fa307411b231cc09ff6e7ca1,116.15
d705ab1662ab3ef0fa307411b231cc09ff6e7ca1,115.66
d705ab1662ab3ef0fa307411b231cc09ff6e7ca1,115.36
d705ab1662ab3ef0fa307411b231cc09ff6e7ca1,115.36
d705ab1662ab3ef0fa307411b231cc09ff6e7ca1,116.71
d705ab1662ab3ef0fa307411b231cc09ff6e7ca1,115.59
d705ab1662ab3ef0fa307411b231cc09ff6e7ca1,116.39
d705ab1662ab3ef0fa307411b231cc09ff6e7ca1,116.80
d705ab1662ab3ef0fa307411b231cc09ff6e7ca1,118.03
d705ab1662ab3ef0fa307411b231cc09ff6e7ca1,114.86
e571765a0ec4fc6d6ce31b708e13016904bc3fbc,115.55
e571765a0ec4fc6d6ce31b708e13016904bc3fbc,116.31
e571765a0ec4fc6d6ce31b708e13016904bc3fbc,115.01
e571765a0ec4fc6d6ce31b708e13016904bc3fbc,115.18
e571765a0ec4fc6d6ce31b708e13016904bc3fbc,116.71
e571765a0ec4fc6d6ce31b708e13016904bc3fbc,117.54
e571765a0ec4fc6d6ce31b708e13016904bc3fbc,115.11
e571765a0ec4fc6d6ce31b708e13016904bc3fbc,117.29
e571765a0ec4fc6d6ce31b708e13016904bc3fbc,116.47
e571765a0ec4fc6d6ce31b708e13016904bc3fbc,115.64
e571765a0ec4fc6d6ce31b708e13016904bc3fbc,115.13
e571765a0ec4fc6d6ce31b708e13016904bc3fbc,115.51
e571765a0ec4fc6d6ce31b708e13016904bc3fbc,115.50
e571765a0ec4fc6d6ce31b708e13016904bc3fbc,116.37
e571765a0ec4fc6d6ce31b708e13016904bc3fbc,115.20
b66837a01e53452244870776e2da4bd3b4d8aa92,115.98
b66837a01e53452244870776e2da4bd3b4d8aa92,116.14
b66837a01e53452244870776e2da4bd3b4d8aa92,116.86
b66837a01e53452244870776e2da4bd3b4d8aa92,116.57
b66837a01e53452244870776e2da4bd3b4d8aa92,116.83
b66837a01e53452244870776e2da4bd3b4d8aa92,116.74
b66837a01e53452244870776e2da4bd3b4d8aa92,117.31
b66837a01e53452244870776e2da4bd3b4d8aa92,117.06
b66837a01e53452244870776e2da4bd3b4d8aa92,116.84
b66837a01e53452244870776e2da4bd3b4d8aa92,117.13
b66837a01e53452244870776e2da4bd3b4d8aa92,115.24
b66837a01e53452244870776e2da4bd3b4d8aa92,116.37
b66837a01e53452244870776e2da4bd3b4d8aa92,118.24
b66837a01e53452244870776e2da4bd3b4d8aa92,116.12
b66837a01e53452244870776e2da4bd3b4d8aa92,116.75
5a6a5c4719aa009c1f2117f4ccc04d19d6d812fc,116.16
5a6a5c4719aa009c1f2117f4ccc04d19d6d812fc,116.13
5a6a5c4719aa009c1f2117f4ccc04d19d6d812fc,115.96
5a6a5c4719aa009c1f2117f4ccc04d19d6d812fc,116.44
5a6a5c4719aa009c1f2117f4ccc04d19d6d812fc,116.66
5a6a5c4719aa009c1f2117f4ccc04d19d6d812fc,116.74
5a6a5c4719aa009c1f2117f4ccc04d19d6d812fc,114.71
5a6a5c4719aa009c1f2117f4ccc04d19d6d812fc,116.31
5a6a5c4719aa009c1f2117f4ccc04d19d6d812fc,115.76
5a6a5c4719aa009c1f2117f4ccc04d19d6d812fc,116.79
5a6a5c4719aa009c1f2117f4ccc04d19d6d812fc,117.16
5a6a5c4719aa009c1f2117f4ccc04d19d6d812fc,117.43
5a6a5c4719aa009c1f2117f4ccc04d19d6d812fc,117.55
5a6a5c4719aa009c1f2117f4ccc04d19d6d812fc,116.26
5a6a5c4719aa009c1f2117f4ccc04d19d6d812fc,116.83
fac812ea0c5de6cc5721ce6f22f27d69525efcde,115.37
fac812ea0c5de6cc5721ce6f22f27d69525efcde,118.79
fac812ea0c5de6cc5721ce6f22f27d69525efcde,119.22
fac812ea0c5de6cc5721ce6f22f27d69525efcde,116.55
fac812ea0c5de6cc5721ce6f22f27d69525efcde,117.74
fac812ea0c5de6cc5721ce6f22f27d69525efcde,117.11
fac812ea0c5de6cc5721ce6f22f27d69525efcde,117.23
fac812ea0c5de6cc5721ce6f22f27d69525efcde,117.95
fac812ea0c5de6cc5721ce6f22f27d69525efcde,116.82
fac812ea0c5de6cc5721ce6f22f27d69525efcde,115.89
fac812ea0c5de6cc5721ce6f22f27d69525efcde,116.69
fac812ea0c5de6cc5721ce6f22f27d69525efcde,114.79
fac812ea0c5de6cc5721ce6f22f27d69525efcde,116.65
fac812ea0c5de6cc5721ce6f22f27d69525efcde,117.57
fac812ea0c5de6cc5721ce6f22f27d69525efcde,116.53
e8f0907904649b98fb901b3834f9025813223570,116.79
e8f0907904649b98fb901b3834f9025813223570,115.76
e8f0907904649b98fb901b3834f9025813223570,115.07
e8f0907904649b98fb901b3834f9025813223570,115.29
e8f0907904649b98fb901b3834f9025813223570,115.31
e8f0907904649b98fb901b3834f9025813223570,116.32
e8f0907904649b98fb901b3834f9025813223570,117.18
e8f0907904649b98fb901b3834f9025813223570,115.55
e8f0907904649b98fb901b3834f9025813223570,115.37
e8f0907904649b98fb901b3834f9025813223570,115.97
e8f0907904649b98fb901b3834f9025813223570,117.40
e8f0907904649b98fb901b3834f9025813223570,115.33
e8f0907904649b98fb901b3834f9025813223570,113.87
e8f0907904649b98fb901b3834f9025813223570,115.78
e8f0907904649b98fb901b3834f9025813223570,115.56
e6f29c902242c24c20f7740e27006a83330b8e88,116.35
e6f29c902242c24c20f7740e27006a83330b8e88,116.00
e6f29c902242c24c20f7740e27006a83330b8e88,114.92
e6f29c902242c24c20f7740e27006a83330b8e88,115.63
e6f29c902242c24c20f7740e27006a83330b8e88,116.43
e6f29c902242c24c20f7740e27006a83330b8e88,116.44
e6f29c902242c24c20f7740e27006a83330b8e88,115.78
e6f29c902242c24c20f7740e27006a83330b8e88,116.40
e6f29c902242c24c20f7740e27006a83330b8e88,116.85
e6f29c902242c24c20f7740e27006a83330b8e88,115.10
e6f29c902242c24c20f7740e27006a83330b8e88,116.63
e6f29c902242c24c20f7740e27006a83330b8e88,117.73
e6f29c902242c24c20f7740e27006a83330b8e88,117.24
e6f29c902242c24c20f7740e27006a83330b8e88,117.21
e6f29c902242c24c20f7740e27006a83330b8e88,115.53
aa0ebe8eb44d6ffe010afe134b6f0deb34491e81,115.37
aa0ebe8eb44d6ffe010afe134b6f0deb34491e81,116.97
aa0ebe8eb44d6ffe010afe134b6f0deb34491e81,116.25
aa0ebe8eb44d6ffe010afe134b6f0deb34491e81,115.40
aa0ebe8eb44d6ffe010afe134b6f0deb34491e81,117.39
aa0ebe8eb44d6ffe010afe134b6f0deb34491e81,117.54
aa0ebe8eb44d6ffe010afe134b6f0deb34491e81,118.00
aa0ebe8eb44d6ffe010afe134b6f0deb34491e81,116.48
aa0ebe8eb44d6ffe010afe134b6f0deb34491e81,116.82
aa0ebe8eb44d6ffe010afe134b6f0deb34491e81,116.67
aa0ebe8eb44d6ffe010afe134b6f0deb34491e81,117.22
aa0ebe8eb44d6ffe010afe134b6f0deb34491e81,118.13
aa0ebe8eb44d6ffe010afe134b6f0deb34491e81,115.31
aa0ebe8eb44d6ffe010afe134b6f0deb34491e81,117.37
aa0ebe8eb44d6ffe010afe134b6f0deb34491e81,116.64
5d8e0855e3ce82cabf0042c668df41a1bce50095,118.75
5d8e0855e3ce82cabf0042c668df41a1bce50095,117.42
5d8e0855e3ce82cabf0042c668df41a1bce50095,116.21
5d8e0855e3ce82cabf0042c668df41a1bce50095,117.64
5d8e0855e3ce82cabf0042c668df41a1bce50095,115.81
5d8e0855e3ce82cabf0042c668df41a1bce50095,116.16
5d8e0855e3ce82cabf0042c668df41a1bce50095,115.88
5d8e0855e3ce82cabf0042c668df41a1bce50095,116.17
5d8e0855e3ce82cabf0042c668df41a1bce50095,116.62
5d8e0855e3ce82cabf0042c668df41a1bce50095,116.73
5d8e0855e3ce82cabf0042c668df41a1bce50095,116.55
5d8e0855e3ce82cabf0042c668df41a1bce50095,116.12
5d8e0855e3ce82cabf0042c668df41a1bce50095,115.74
5d8e0855e3ce82cabf0042c668df41a1bce50095,117.13
5d8e0855e3ce82cabf0042c668df41a1bce50095,114.61
6a1a43010d24eb79617b35795fd474d39a4f45a6,116.76
6a1a43010d24eb79617b35795fd474d39a4f45a6,115.87
6a1a43010d24eb79617b35795fd474d39a4f45a6,116.70
6a1a43010d24eb79617b35795fd474d39a4f45a6,115.73
6a1a43010d24eb79617b35795fd474d39a4f45a6,115.71
6a1a43010d24eb79617b35795fd474d39a4f45a6,115.65
6a1a43010d24eb79617b35795fd474d39a4f45a6,115.58
6a1a43010d24eb79617b35795fd474d39a4f45a6,116.39
6a1a43010d24eb79617b35795fd474d39a4f45a6,115.66
6a1a43010d24eb79617b35795fd474d39a4f45a6,115.27
6a1a43010d24eb79617b35795fd474d39a4f45a6,116.29
6a1a43010d24eb79617b35795fd474d39a4f45a6,116.85
6a1a43010d24eb79617b35795fd474d39a4f45a6,117.68
6a1a43010d24eb79617b35795fd474d39a4f45a6,116.38
6a1a43010d24eb79617b35795fd474d39a4f45a6,116.91
1b2ebc3cd415c272b92c60d708b6d3b459a52d8b,117.28
1b2ebc3cd415c272b92c60d708b6d3b459a52d8b,115.83
1b2ebc3cd415c272b92c60d708b6d3b459a52d8b,113.83
1b2ebc3cd415c272b92c60d708b6d3b459a52d8b,115.04
1b2ebc3cd415c272b92c60d708b6d3b459a52d8b,117.46
1b2ebc3cd415c272b92c60d708b6d3b459a52d8b,115.36
1b2ebc3cd415c272b92c60d708b6d3b459a52d8b,116.89
1b2ebc3cd415c272b92c60d708b6d3b459a52d8b,115.78
1b2ebc3cd415c272b92c60d708b6d3b459a52d8b,116.38
1b2ebc3cd415c272b92c60d708b6d3b459a52d8b,115.55
1b2ebc3cd415c272b92c60d708b6d3b459a52d8b,116.15
1b2ebc3cd415c272b92c60d708b6d3b459a52d8b,116.63
1b2ebc3cd415c272b92c60d708b6d3b459a52d8b,115.78
1b2ebc3cd415c272b92c60d708b6d3b459a52d8b,116.17
1b2ebc3cd415c272b92c60d708b6d3b459a52d8b,116.65
451e6b6b64161c1e18730160c6248ca8aa176874,115.73
451e6b6b64161c1e18730160c6248ca8aa176874,114.99
451e6b6b64161c1e18730160c6248ca8aa176874,115.83
451e6b6b64161c1e18730160c6248ca8aa176874,116.01
451e6b6b64161c1e18730160c6248ca8aa176874,116.36
451e6b6b64161c1e18730160c6248ca8aa176874,115.84
451e6b6b64161c1e18730160c6248ca8aa176874,114.61
451e6b6b64161c1e18730160c6248ca8aa176874,116.13
451e6b6b64161c1e18730160c6248ca8aa176874,117.50
451e6b6b64161c1e18730160c6248ca8aa176874,114.59
451e6b6b64161c1e18730160c6248ca8aa176874,116.61
451e6b6b64161c1e18730160c6248ca8aa176874,115.48
451e6b6b64161c1e18730160c6248ca8aa176874,115.79
451e6b6b64161c1e18730160c6248ca8aa176874,116.58
451e6b6b64161c1e18730160c6248ca8aa176874,116.29
b1ad67d3009c29a6725a2548721041140a577a54,117.20
b1ad67d3009c29a6725a2548721041140a577a54,116.51
b1ad67d3009c29a6725a2548721041140a577a54,116.02
b1ad67d3009c29a6725a2548721041140a577a54,116.58
b1ad67d3009c29a6725a2548721041140a577a54,116.64
b1ad67d3009c29a6725a2548721041140a577a54,115.08
b1ad67d3009c29a6725a2548721041140a577a54,118.56
b1ad67d3009c29a6725a2548721041140a577a54,116.25
b1ad67d3009c29a6725a2548721041140a577a54,116.14
b1ad67d3009c29a6725a2548721041140a577a54,116.25
b1ad67d3009c29a6725a2548721041140a577a54,115.61
b1ad67d3009c29a6725a2548721041140a577a54,116.99
b1ad67d3009c29a6725a2548721041140a577a54,116.85
b1ad67d3009c29a6725a2548721041140a577a54,115.84
b1ad67d3009c29a6725a2548721041140a577a54,117.18
1e37ea8645e4702bcc6a817adf08864a987fd19b,116.66
1e37ea8645e4702bcc6a817adf08864a987fd19b,115.68
1e37ea8645e4702bcc6a817adf08864a987fd19b,113.96
1e37ea8645e4702bcc6a817adf08864a987fd19b,117.72
1e37ea8645e4702bcc6a817adf08864a987fd19b,115.19
1e37ea8645e4702bcc6a817adf08864a987fd19b,115.33
1e37ea8645e4702bcc6a817adf08864a987fd19b,116.75
1e37ea8645e4702bcc6a817adf08864a987fd19b,116.39
1e37ea8645e4702bcc6a817adf08864a987fd19b,116.39
1e37ea8645e4702bcc6a817adf08864a987fd19b,116.53
1e37ea8645e4702bcc6a817adf08864a987fd19b,116.74
1e37ea8645e4702bcc6a817adf08864a987fd19b,116.53
1e37ea8645e4702bcc6a817adf08864a987fd19b,116.56
1e37ea8645e4702bcc6a817adf08864a987fd19b,115.55
1e37ea8645e4702bcc6a817adf08864a987fd19b,115.76
22ead5e845a3db08b0f3051eb9f2fe8e6edcf827,117.20
22ead5e845a3db08b0f3051eb9f2fe8e6edcf827,116.63
22ead5e845a3db08b0f3051eb9f2fe8e6edcf827,115.84
22ead5e845a3db08b0f3051eb9f2fe8e6edcf827,115.80
22ead5e845a3db08b0f3051eb9f2fe8e6edcf827,115.60
22ead5e845a3db08b0f3051eb9f2fe8e6edcf827,116.78
22ead5e845a3db08b0f3051eb9f2fe8e6edcf827,116.79
22ead5e845a3db08b0f3051eb9f2fe8e6edcf827,117.17
22ead5e845a3db08b0f3051eb9f2fe8e6edcf827,116.67
22ead5e845a3db08b0f3051eb9f2fe8e6edcf827,116.35
22ead5e845a3db08b0f3051eb9f2fe8e6edcf827,115.77
22ead5e845a3db08b0f3051eb9f2fe8e6edcf827,116.93
22ead5e845a3db08b0f3051eb9f2fe8e6edcf827,115.68
22ead5e845a3db08b0f3051eb9f2fe8e6edcf827,116.95
22ead5e845a3db08b0f3051eb9f2fe8e6edcf827,114.93
70a82d91eac20b0b9286ac728ca63a27157fbc3a,116.81
70a82d91eac20b0b9286ac728ca63a27157fbc3a,116.68
70a82d91eac20b0b9286ac728ca63a27157fbc3a,115.55
70a82d91eac20b0b9286ac728ca63a27157fbc3a,116.53
70a82d91eac20b0b9286ac728ca63a27157fbc3a,116.33
70a82d91eac20b0b9286ac728ca63a27157fbc3a,115.30
70a82d91eac20b0b9286ac728ca63a27157fbc3a,115.78
70a82d91eac20b0b9286ac728ca63a27157fbc3a,116.67
70a82d91eac20b0b9286ac728ca63a27157fbc3a,116.80
70a82d91eac20b0b9286ac728ca63a27157fbc3a,117.72
70a82d91eac20b0b9286ac728ca63a27157fbc3a,116.39
70a82d91eac20b0b9286ac728ca63a27157fbc3a,116.37
70a82d91eac20b0b9286ac728ca63a27157fbc3a,116.87
70a82d91eac20b0b9286ac728ca63a27157fbc3a,117.06
70a82d91eac20b0b9286ac728ca63a27157fbc3a,115.75
f59a132c87ca4bd7e975a6790191c3b7984a5276,115.99
f59a132c87ca4bd7e975a6790191c3b7984a5276,115.89
f59a132c87ca4bd7e975a6790191c3b7984a5276,116.07
f59a132c87ca4bd7e975a6790191c3b7984a5276,116.21
f59a132c87ca4bd7e975a6790191c3b7984a5276,116.24
f59a132c87ca4bd7e975a6790191c3b7984a5276,116.60
f59a132c87ca4bd7e975a6790191c3b7984a5276,115.55
f59a132c87ca4bd7e975a6790191c3b7984a5276,115.93
f59a132c87ca4bd7e975a6790191c3b7984a5276,117.77
f59a132c87ca4bd7e975a6790191c3b7984a5276,116.32
f59a132c87ca4bd7e975a6790191c3b7984a5276,115.76
f59a132c87ca4bd7e975a6790191c3b7984a5276,117.65
f59a132c87ca4bd7e975a6790191c3b7984a5276,115.83
f59a132c87ca4bd7e975a6790191c3b7984a5276,115.49
f59a132c87ca4bd7e975a6790191c3b7984a5276,117.23
e21a0b13a9da4aecb4b3c60faeacf45a5b11b9db,116.68
e21a0b13a9da4aecb4b3c60faeacf45a5b11b9db,117.27
e21a0b13a9da4aecb4b3c60faeacf45a5b11b9db,116.13
e21a0b13a9da4aecb4b3c60faeacf45a5b11b9db,115.05
e21a0b13a9da4aecb4b3c60faeacf45a5b11b9db,116.97
e21a0b13a9da4aecb4b3c60faeacf45a5b11b9db,116.20
e21a0b13a9da4aecb4b3c60faeacf45a5b11b9db,115.26
e21a0b13a9da4aecb4b3c60faeacf45a5b11b9db,116.67
e21a0b13a9da4aecb4b3c60faeacf45a5b11b9db,117.05
e21a0b13a9da4aecb4b3c60faeacf45a5b11b9db,115.89
e21a0b13a9da4aecb4b3c60faeacf45a5b11b9db,115.84
e21a0b13a9da4aecb4b3c60faeacf45a5b11b9db,116.85
e21a0b13a9da4aecb4b3c60faeacf45a5b11b9db,116.79
e21a0b13a9da4aecb4b3c60faeacf45a5b11b9db,116.36
e21a0b13a9da4aecb4b3c60faeacf45a5b11b9db,117.10
a685e56a199689d9bdfe9ffc85fc06fac551b32a,115.93
a685e56a199689d9bdfe9ffc85fc06fac551b32a,116.92
a685e56a199689d9bdfe9ffc85fc06fac551b32a,116.64
a685e56a199689d9bdfe9ffc85fc06fac551b32a,117.41
a685e56a199689d9bdfe9ffc85fc06fac551b32a,116.83
a685e56a199689d9bdfe9ffc85fc06fac551b32a,115.72
a685e56a199689d9bdfe9ffc85fc06fac551b32a,116.85
a685e56a199689d9bdfe9ffc85fc06fac551b32a,116.50
a685e56a199689d9bdfe9ffc85fc06fac551b32a,117.61
a685e56a199689d9bdfe9ffc85fc06fac551b32a,116.78
a685e56a199689d9bdfe9ffc85fc06fac551b32a,117.26
a685e56a199689d9bdfe9ffc85fc06fac551b32a,116.89
a685e56a199689d9bdfe9ffc85fc06fac551b32a,116.61
a685e56a199689d9bdfe9ffc85fc06fac551b32a,117.06
a685e56a199689d9bdfe9ffc85fc06fac551b32a,116.57
f368aee3f4ee8abbd01a21b09eb7c7fc43298a32,113.63
f368aee3f4ee8abbd01a21b09eb7c7fc43298a32,116.81
f368aee3f4ee8abbd01a21b09eb7c7fc43298a32,116.05
f368aee3f4ee8abbd01a21b09eb7c7fc43298a32,117.15
f368aee3f4ee8abbd01a21b09eb7c7fc43298a32,116.22
f368aee3f4ee8abbd01a21b09eb7c7fc43298a32,117.25
f368aee3f4ee8abbd01a21b09eb7c7fc43298a32,116.65
f368aee3f4ee8abbd01a21b09eb7c7fc43298a32,115.29
f368aee3f4ee8abbd01a21b09eb7c7fc43298a32,115.61
f368aee3f4ee8abbd01a21b09eb7c7fc43298a32,116.06
f368aee3f4ee8abbd01a21b09eb7c7fc43298a32,116.15
f368aee3f4ee8abbd01a21b09eb7c7fc43298a32,115.23
f368aee3f4ee8abbd01a21b09eb7c7fc43298a32,116.81
f368aee3f4ee8abbd01a21b09eb7c7fc43298a32,115.22
f368aee3f4ee8abbd01a21b09eb7c7fc43298a32,118.62
f39a12843f75d42ad9334bcb77bc9c1c4e9de586,116.44
f39a12843f75d42ad9334bcb77bc9c1c4e9de586,116.35
f39a12843f75d42ad9334bcb77bc9c1c4e9de586,116.22
f39a12843f75d42ad9334bcb77bc9c1c4e9de586,116.54
f39a12843f75d42ad9334bcb77bc9c1c4e9de586,116.49
f39a12843f75d42ad9334bcb77bc9c1c4e9de586,116.85
f39a12843f75d42ad9334bcb77bc9c1c4e9de586,117.55
f39a12843f75d42ad9334bcb77bc9c1c4e9de586,117.07
f39a12843f75d42ad9334bcb77bc9c1c4e9de586,116.17
f39a12843f75d42ad9334bcb77bc9c1c4e9de586,117.37
f39a12843f75d42ad9334bcb77bc9c1c4e9de586,117.50
f39a12843f75d42ad9334bcb77bc9c1c4e9de586,116.46
f39a12843f75d42ad9334bcb77bc9c1c4e9de586,116.71
f39a12843f75d42ad9334bcb77bc9c1c4e9de586,116.74
f39a12843f75d42ad9334bcb77bc9c1c4e9de586,118.00
4e159f7b351f8038bd72a0813445a427d62586b3,115.77
4e159f7b351f8038bd72a0813445a427d62586b3,115.27
4e159f7b351f8038bd72a0813445a427d62586b3,115.84
4e159f7b351f8038bd72a0813445a427d62586b3,116.73
4e159f7b351f8038bd72a0813445a427d62586b3,115.85
4e159f7b351f8038bd72a0813445a427d62586b3,115.95
4e159f7b351f8038bd72a0813445a427d62586b3,116.19
4e159f7b351f8038bd72a0813445a427d62586b3,115.60
4e159f7b351f8038bd72a0813445a427d62586b3,115.86
4e159f7b351f8038bd72a0813445a427d62586b3,116.83
4e159f7b351f8038bd72a0813445a427d62586b3,116.39
4e159f7b351f8038bd72a0813445a427d62586b3,116.46
4e159f7b351f8038bd72a0813445a427d62586b3,116.04
4e159f7b351f8038bd72a0813445a427d62586b3,115.62
4e159f7b351f8038bd72a0813445a427d62586b3,117.38
8ad8325782181e04ff8ff5c1666e53ca71d31a58,115.90
8ad8325782181e04ff8ff5c1666e53ca71d31a58,116.78
8ad8325782181e04ff8ff5c1666e53ca71d31a58,116.78
8ad8325782181e04ff8ff5c1666e53ca71d31a58,117.37
8ad8325782181e04ff8ff5c1666e53ca71d31a58,112.74
8ad8325782181e04ff8ff5c1666e53ca71d31a58,116.45
8ad8325782181e04ff8ff5c1666e53ca71d31a58,116.48
8ad8325782181e04ff8ff5c1666e53ca71d31a58,116.88
8ad8325782181e04ff8ff5c1666e53ca71d31a58,116.12
8ad8325782181e04ff8ff5c1666e53ca71d31a58,116.01
8ad8325782181e04ff8ff5c1666e53ca71d31a58,117.03
8ad8325782181e04ff8ff5c1666e53ca71d31a58,116.81
8ad8325782181e04ff8ff5c1666e53ca71d31a58,117.58
8ad8325782181e04ff8ff5c1666e53ca71d31a58,117.09
8ad8325782181e04ff8ff5c1666e53ca71d31a58,115.09
be4f9fda8ee9c06bfcf4dc7db55ed6fefdbb9c53,115.86
be4f9fda8ee9c06bfcf4dc7db55ed6fefdbb9c53,116.57
be4f9fda8ee9c06bfcf4dc7db55ed6fefdbb9c53,116.48
be4f9fda8ee9c06bfcf4dc7db55ed6fefdbb9c53,118.80
be4f9fda8ee9c06bfcf4dc7db55ed6fefdbb9c53,116.17
be4f9fda8ee9c06bfcf4dc7db55ed6fefdbb9c53,117.92
be4f9fda8ee9c06bfcf4dc7db55ed6fefdbb9c53,116.24
be4f9fda8ee9c06bfcf4dc7db55ed6fefdbb9c53,117.25
be4f9fda8ee9c06bfcf4dc7db55ed6fefdbb9c53,116.03
be4f9fda8ee9c06bfcf4dc7db55ed6fefdbb9c53,117.67
be4f9fda8ee9c06bfcf4dc7db55ed6fefdbb9c53,116.39
be4f9fda8ee9c06bfcf4dc7db55ed6fefdbb9c53,116.22
be4f9fda8ee9c06bfcf4dc7db55ed6fefdbb9c53,114.72
be4f9fda8ee9c06bfcf4dc7db55ed6fefdbb9c53,115.81
be4f9fda8ee9c06bfcf4dc7db55ed6fefdbb9c53,116.63
22851b7909cb5c3258fb61fffd7f2ff73ad11666,117.89
22851b7909cb5c3258fb61fffd7f2ff73ad11666,115.48
22851b7909cb5c3258fb61fffd7f2ff73ad11666,116.38
22851b7909cb5c3258fb61fffd7f2ff73ad11666,115.69
22851b7909cb5c3258fb61fffd7f2ff73ad11666,116.35
22851b7909cb5c3258fb61fffd7f2ff73ad11666,118.44
22851b7909cb5c3258fb61fffd7f2ff73ad11666,117.18
22851b7909cb5c3258fb61fffd7f2ff73ad11666,117.24
22851b7909cb5c3258fb61fffd7f2ff73ad11666,118.50
22851b7909cb5c3258fb61fffd7f2ff73ad11666,115.63
22851b7909cb5c3258fb61fffd7f2ff73ad11666,117.40
22851b7909cb5c3258fb61fffd7f2ff73ad11666,117.28
22851b7909cb5c3258fb61fffd7f2ff73ad11666,115.54
22851b7909cb5c3258fb61fffd7f2ff73ad11666,115.58
22851b7909cb5c3258fb61fffd7f2ff73ad11666,117.25
2ebe0b1d9535a220172952d8c2dbc10666315e14,116.63
2ebe0b1d9535a220172952d8c2dbc10666315e14,115.76
2ebe0b1d9535a220172952d8c2dbc10666315e14,116.85
2ebe0b1d9535a220172952d8c2dbc10666315e14,116.02
2ebe0b1d9535a220172952d8c2dbc10666315e14,115.99
2ebe0b1d9535a220172952d8c2dbc10666315e14,116.09
2ebe0b1d9535a220172952d8c2dbc10666315e14,116.30
2ebe0b1d9535a220172952d8c2dbc10666315e14,115.40
2ebe0b1d9535a220172952d8c2dbc10666315e14,116.02
2ebe0b1d9535a220172952d8c2dbc10666315e14,115.95
2ebe0b1d9535a220172952d8c2dbc10666315e14,113.32
2ebe0b1d9535a220172952d8c2dbc10666315e14,116.36
2ebe0b1d9535a220172952d8c2dbc10666315e14,116.21
2ebe0b1d9535a220172952d8c2dbc10666315e14,117.09
2ebe0b1d9535a220172952d8c2dbc10666315e14,116.28
24b35c710d443a5442e65b99a3bad53c8d188b0f,115.27
24b35c710d443a5442e65b99a3bad53c8d188b0f,115.23
24b35c710d443a5442e65b99a3bad53c8d188b0f,116.61
24b35c710d443a5442e65b99a3bad53c8d188b0f,116.35
24b35c710d443a5442e65b99a3bad53c8d188b0f,116.18
24b35c710d443a5442e65b99a3bad53c8d188b0f,117.74
24b35c710d443a5442e65b99a3bad53c8d188b0f,115.53
24b35c710d443a5442e65b99a3bad53c8d188b0f,116.88
24b35c710d443a5442e65b99a3bad53c8d188b0f,117.03
24b35c710d443a5442e65b99a3bad53c8d188b0f,116.20
24b35c710d443a5442e65b99a3bad53c8d188b0f,115.97
24b35c710d443a5442e65b99a3bad53c8d188b0f,115.82
24b35c710d443a5442e65b99a3bad53c8d188b0f,117.53
24b35c710d443a5442e65b99a3bad53c8d188b0f,115.90
24b35c710d443a5442e65b99a3bad53c8d188b0f,117.97
d0b62b5db612ae0df720aaa52454182dd4181bd7,116.52
d0b62b5db612ae0df720aaa52454182dd4181bd7,115.08
d0b62b5db612ae0df720aaa52454182dd4181bd7,115.43
d0b62b5db612ae0df720aaa52454182dd4181bd7,115.85
d0b62b5db612ae0df720aaa52454182dd4181bd7,115.64
d0b62b5db612ae0df720aaa52454182dd4181bd7,116.68
d0b62b5db612ae0df720aaa52454182dd4181bd7,116.94
d0b62b5db612ae0df720aaa52454182dd4181bd7,117.25
d0b62b5db612ae0df720aaa52454182dd4181bd7,115.80
d0b62b5db612ae0df720aaa52454182dd4181bd7,116.88
d0b62b5db612ae0df720aaa52454182dd4181bd7,115.45
d0b62b5db612ae0df720aaa52454182dd4181bd7,116.58
d0b62b5db612ae0df720aaa52454182dd4181bd7,118.54
d0b62b5db612ae0df720aaa52454182dd4181bd7,115.16
d0b62b5db612ae0df720aaa52454182dd4181bd7,114.46
5aa793395c08c2f55029de791bb26af2162d9c6e,117.52
5aa793395c08c2f55029de791bb26af2162d9c6e,116.60
5aa793395c08c2f55029de791bb26af2162d9c6e,115.96
5aa793395c08c2f55029de791bb26af2162d9c6e,116.38
5aa793395c08c2f55029de791bb26af2162d9c6e,114.43
5aa793395c08c2f55029de791bb26af2162d9c6e,117.07
5aa793395c08c2f55029de791bb26af2162d9c6e,116.09
5aa793395c08c2f55029de791bb26af2162d9c6e,115.80
5aa793395c08c2f55029de791bb26af2162d9c6e,116.63
5aa793395c08c2f55029de791bb26af2162d9c6e,116.04
5aa793395c08c2f55029de791bb26af2162d9c6e,116.13
5aa793395c08c2f55029de791bb26af2162d9c6e,115.48
5aa793395c08c2f55029de791bb26af2162d9c6e,116.14
5aa793395c08c2f55029de791bb26af2162d9c6e,116.13
5aa793395c08c2f55029de791bb26af2162d9c6e,116.20
0163519f9a13506a93d736e976197ab010e381f7,117.85
0163519f9a13506a93d736e976197ab010e381f7,116.95
0163519f9a13506a93d736e976197ab010e381f7,116.84
0163519f9a13506a93d736e976197ab010e381f7,117.69
0163519f9a13506a93d736e976197ab010e381f7,116.54
0163519f9a13506a93d736e976197ab010e381f7,117.09
0163519f9a13506a93d736e976197ab010e381f7,117.96
0163519f9a13506a93d736e976197ab010e381f7,118.61
0163519f9a13506a93d736e976197ab010e381f7,119.38
0163519f9a13506a93d736e976197ab010e381f7,117.14
0163519f9a13506a93d736e976197ab010e381f7,115.72
0163519f9a13506a93d736e976197ab010e381f7,119.72
0163519f9a13506a93d736e976197ab010e381f7,114.44
0163519f9a13506a93d736e976197ab010e381f7,117.30
0163519f9a13506a93d736e976197ab010e381f7,117.52
4e796eaf625c31bc178507af8329d12c43ec782b,118.09
4e796eaf625c31bc178507af8329d12c43ec782b,118.26
4e796eaf625c31bc178507af8329d12c43ec782b,118.01
4e796eaf625c31bc178507af8329d12c43ec782b,116.88
4e796eaf625c31bc178507af8329d12c43ec782b,117.77
4e796eaf625c31bc178507af8329d12c43ec782b,116.28
4e796eaf625c31bc178507af8329d12c43ec782b,115.55
4e796eaf625c31bc178507af8329d12c43ec782b,116.97
4e796eaf625c31bc178507af8329d12c43ec782b,116.91
4e796eaf625c31bc178507af8329d12c43ec782b,117.30
4e796eaf625c31bc178507af8329d12c43ec782b,117.21
4e796eaf625c31bc178507af8329d12c43ec782b,118.52
4e796eaf625c31bc178507af8329d12c43ec782b,116.78
4e796eaf625c31bc178507af8329d12c43ec782b,116.44
4e796eaf625c31bc178507af8329d12c43ec782b,116.88
a76cc28c03f45cc799ecd4e2bfde2fc01a986d5c,116.13
a76cc28c03f45cc799ecd4e2bfde2fc01a986d5c,116.51
a76cc28c03f45cc799ecd4e2bfde2fc01a986d5c,116.68
a76cc28c03f45cc799ecd4e2bfde2fc01a986d5c,116.21
a76cc28c03f45cc799ecd4e2bfde2fc01a986d5c,116.31
a76cc28c03f45cc799ecd4e2bfde2fc01a986d5c,116.22
a76cc28c03f45cc799ecd4e2bfde2fc01a986d5c,117.92
a76cc28c03f45cc799ecd4e2bfde2fc01a986d5c,117.14
a76cc28c03f45cc799ecd4e2bfde2fc01a986d5c,117.76
a76cc28c03f45cc799ecd4e2bfde2fc01a986d5c,115.87
a76cc28c03f45cc799ecd4e2bfde2fc01a986d5c,116.59
a76cc28c03f45cc799ecd4e2bfde2fc01a986d5c,117.16
a76cc28c03f45cc799ecd4e2bfde2fc01a986d5c,115.43
a76cc28c03f45cc799ecd4e2bfde2fc01a986d5c,116.11
a76cc28c03f45cc799ecd4e2bfde2fc01a986d5c,116.39
4d93da139a062359b7cf26fcaab200ec5ffea42c,116.33
4d93da139a062359b7cf26fcaab200ec5ffea42c,115.94
4d93da139a062359b7cf26fcaab200ec5ffea42c,117.16
4d93da139a062359b7cf26fcaab200ec5ffea42c,116.10
4d93da139a062359b7cf26fcaab200ec5ffea42c,116.21
4d93da139a062359b7cf26fcaab200ec5ffea42c,117.20
4d93da139a062359b7cf26fcaab200ec5ffea42c,116.72
4d93da139a062359b7cf26fcaab200ec5ffea42c,116.48
4d93da139a062359b7cf26fcaab200ec5ffea42c,118.59
4d93da139a062359b7cf26fcaab200ec5ffea42c,117.41
4d93da139a062359b7cf26fcaab200ec5ffea42c,117.63
4d93da139a062359b7cf26fcaab200ec5ffea42c,116.53
4d93da139a062359b7cf26fcaab200ec5ffea42c,115.55
4d93da139a062359b7cf26fcaab200ec5ffea42c,118.48
4d93da139a062359b7cf26fcaab200ec5ffea42c,116.95
5334d9fb6cbcd78e35217556a40703b927c2b80f,115.95
5334d9fb6cbcd78e35217556a40703b927c2b80f,116.36
5334d9fb6cbcd78e35217556a40703b927c2b80f,115.63
5334d9fb6cbcd78e35217556a40703b927c2b80f,116.79
5334d9fb6cbcd78e35217556a40703b927c2b80f,117.22
5334d9fb6cbcd78e35217556a40703b927c2b80f,117.99
5334d9fb6cbcd78e35217556a40703b927c2b80f,117.71
5334d9fb6cbcd78e35217556a40703b927c2b80f,117.69
5334d9fb6cbcd78e35217556a40703b927c2b80f,117.18
5334d9fb6cbcd78e35217556a40703b927c2b80f,116.46
5334d9fb6cbcd78e35217556a40703b927c2b80f,117.06
5334d9fb6cbcd78e35217556a40703b927c2b80f,115.20
5334d9fb6cbcd78e35217556a40703b927c2b80f,115.77
5334d9fb6cbcd78e35217556a40703b927c2b80f,118.28
5334d9fb6cbcd78e35217556a40703b927c2b80f,117.10
0b6e88218b18aa70cf565976d5a1ef79fa88434c,116.12
0b6e88218b18aa70cf565976d5a1ef79fa88434c,116.32
0b6e88218b18aa70cf565976d5a1ef79fa88434c,116.25
0b6e88218b18aa70cf565976d5a1ef79fa88434c,118.59
0b6e88218b18aa70cf565976d5a1ef79fa88434c,115.81
0b6e88218b18aa70cf565976d5a1ef79fa88434c,117.60
0b6e88218b18aa70cf565976d5a1ef79fa88434c,116.21
0b6e88218b18aa70cf565976d5a1ef79fa88434c,115.82
0b6e88218b18aa70cf565976d5a1ef79fa88434c,116.71
0b6e88218b18aa70cf565976d5a1ef79fa88434c,117.02
0b6e88218b18aa70cf565976d5a1ef79fa88434c,116.24
0b6e88218b18aa70cf565976d5a1ef79fa88434c,116.19
0b6e88218b18aa70cf565976d5a1ef79fa88434c,116.31
0b6e88218b18aa70cf565976d5a1ef79fa88434c,116.36
0b6e88218b18aa70cf565976d5a1ef79fa88434c,116.65
5ee4222067c261a0de17888b1236f004ac2b21e1,118.34
5ee4222067c261a0de17888b1236f004ac2b21e1,115.30
5ee4222067c261a0de17888b1236f004ac2b21e1,117.40
5ee4222067c261a0de17888b1236f004ac2b21e1,116.55
5ee4222067c261a0de17888b1236f004ac2b21e1,116.90
5ee4222067c261a0de17888b1236f004ac2b21e1,115.73
5ee4222067c261a0de17888b1236f004ac2b21e1,117.43
5ee4222067c261a0de17888b1236f004ac2b21e1,116.83
5ee4222067c261a0de17888b1236f004ac2b21e1,117.33
5ee4222067c261a0de17888b1236f004ac2b21e1,116.80
5ee4222067c261a0de17888b1236f004ac2b21e1,117.15
5ee4222067c261a0de17888b1236f004ac2b21e1,116.26
5ee4222067c261a0de17888b1236f004ac2b21e1,116.71
5ee4222067c261a0de17888b1236f004ac2b21e1,116.93
5ee4222067c261a0de17888b1236f004ac2b21e1,117.64
c2596680f89fa1c1b66095a3d9e73cfe748a4a4c,117.20
c2596680f89fa1c1b66095a3d9e73cfe748a4a4c,116.15
c2596680f89fa1c1b66095a3d9e73cfe748a4a4c,117.80
c2596680f89fa1c1b66095a3d9e73cfe748a4a4c,116.94
c2596680f89fa1c1b66095a3d9e73cfe748a4a4c,117.68
c2596680f89fa1c1b66095a3d9e73cfe748a4a4c,117.31
c2596680f89fa1c1b66095a3d9e73cfe748a4a4c,118.37
c2596680f89fa1c1b66095a3d9e73cfe748a4a4c,116.91
c2596680f89fa1c1b66095a3d9e73cfe748a4a4c,118.08
c2596680f89fa1c1b66095a3d9e73cfe748a4a4c,117.42
c2596680f89fa1c1b66095a3d9e73cfe748a4a4c,117.64
c2596680f89fa1c1b66095a3d9e73cfe748a4a4c,116.85
c2596680f89fa1c1b66095a3d9e73cfe748a4a4c,118.33
c2596680f89fa1c1b66095a3d9e73cfe748a4a4c,116.32
c2596680f89fa1c1b66095a3d9e73cfe748a4a4c,116.97
0bb8bd525f22c6d2427c3b5e23b0292ec64201b0,117.29
0bb8bd525f22c6d2427c3b5e23b0292ec64201b0,118.09
0bb8bd525f22c6d2427c3b5e23b0292ec64201b0,117.52
0bb8bd525f22c6d2427c3b5e23b0292ec64201b0,118.00
0bb8bd525f22c6d2427c3b5e23b0292ec64201b0,116.20
0bb8bd525f22c6d2427c3b5e23b0292ec64201b0,116.25
0bb8bd525f22c6d2427c3b5e23b0292ec64201b0,117.02
0bb8bd525f22c6d2427c3b5e23b0292ec64201b0,117.70
0bb8bd525f22c6d2427c3b5e23b0292ec64201b0,117.53
0bb8bd525f22c6d2427c3b5e23b0292ec64201b0,117.33
0bb8bd525f22c6d2427c3b5e23b0292ec64201b0,116.27
0bb8bd525f22c6d2427c3b5e23b0292ec64201b0,116.65
0bb8bd525f22c6d2427c3b5e23b0292ec64201b0,116.07
0bb8bd525f22c6d2427c3b5e23b0292ec64201b0,116.50
0bb8bd525f22c6d2427c3b5e23b0292ec64201b0,116.97
80ebc77eaee121bfef3f132fdc4c9baa66137f0a,115.62
80ebc77eaee121bfef3f132fdc4c9baa66137f0a,115.22
80ebc77eaee121bfef3f132fdc4c9baa66137f0a,117.20
80ebc77eaee121bfef3f132fdc4c9baa66137f0a,117.30
80ebc77eaee121bfef3f132fdc4c9baa66137f0a,116.49
80ebc77eaee121bfef3f132fdc4c9baa66137f0a,114.10
80ebc77eaee121bfef3f132fdc4c9baa66137f0a,115.50
80ebc77eaee121bfef3f132fdc4c9baa66137f0a,118.63
80ebc77eaee121bfef3f132fdc4c9baa66137f0a,117.72
80ebc77eaee121bfef3f132fdc4c9baa66137f0a,116.07
80ebc77eaee121bfef3f132fdc4c9baa66137f0a,117.56
80ebc77eaee121bfef3f132fdc4c9baa66137f0a,116.12
80ebc77eaee121bfef3f132fdc4c9baa66137f0a,116.04
80ebc77eaee121bfef3f132fdc4c9baa66137f0a,116.54
80ebc77eaee121bfef3f132fdc4c9baa66137f0a,115.69
c7da68b0f15e7cfc8482e7b524751401abd9b1e8,115.73
c7da68b0f15e7cfc8482e7b524751401abd9b1e8,115.73
c7da68b0f15e7cfc8482e7b524751401abd9b1e8,116.53
c7da68b0f15e7cfc8482e7b524751401abd9b1e8,116.46
c7da68b0f15e7cfc8482e7b524751401abd9b1e8,116.23
c7da68b0f15e7cfc8482e7b524751401abd9b1e8,116.43
c7da68b0f15e7cfc8482e7b524751401abd9b1e8,115.72
c7da68b0f15e7cfc8482e7b524751401abd9b1e8,115.74
c7da68b0f15e7cfc8482e7b524751401abd9b1e8,116.63
c7da68b0f15e7cfc8482e7b524751401abd9b1e8,116.41
c7da68b0f15e7cfc8482e7b524751401abd9b1e8,116.62
c7da68b0f15e7cfc8482e7b524751401abd9b1e8,116.18
c7da68b0f15e7cfc8482e7b524751401abd9b1e8,117.61
c7da68b0f15e7cfc8482e7b524751401abd9b1e8,117.14
c7da68b0f15e7cfc8482e7b524751401abd9b1e8,117.97
21f6a99d7bbd518b22838855c93af9ad72ff36fb,115.55
21f6a99d7bbd518b22838855c93af9ad72ff36fb,117.34
21f6a99d7bbd518b22838855c93af9ad72ff36fb,116.41
21f6a99d7bbd518b22838855c93af9ad72ff36fb,115.58
21f6a99d7bbd518b22838855c93af9ad72ff36fb,115.94
21f6a99d7bbd518b22838855c93af9ad72ff36fb,115.77
21f6a99d7bbd518b22838855c93af9ad72ff36fb,116.87
21f6a99d7bbd518b22838855c93af9ad72ff36fb,115.61
21f6a99d7bbd518b22838855c93af9ad72ff36fb,115.44
21f6a99d7bbd518b22838855c93af9ad72ff36fb,115.99
21f6a99d7bbd518b22838855c93af9ad72ff36fb,115.69
21f6a99d7bbd518b22838855c93af9ad72ff36fb,116.43
21f6a99d7bbd518b22838855c93af9ad72ff36fb,115.74
21f6a99d7bbd518b22838855c93af9ad72ff36fb,115.62
21f6a99d7bbd518b22838855c93af9ad72ff36fb,115.66
99707c3b2d540285b4418a9d056bba5ee18453e1,117.92
99707c3b2d540285b4418a9d056bba5ee18453e1,117.60
99707c3b2d540285b4418a9d056bba5ee18453e1,117.76
99707c3b2d540285b4418a9d056bba5ee18453e1,116.74
99707c3b2d540285b4418a9d056bba5ee18453e1,116.86
99707c3b2d540285b4418a9d056bba5ee18453e1,116.77
99707c3b2d540285b4418a9d056bba5ee18453e1,117.09
99707c3b2d540285b4418a9d056bba5ee18453e1,116.24
99707c3b2d540285b4418a9d056bba5ee18453e1,116.58
99707c3b2d540285b4418a9d056bba5ee18453e1,116.27
99707c3b2d540285b4418a9d056bba5ee18453e1,118.72
99707c3b2d540285b4418a9d056bba5ee18453e1,116.92
99707c3b2d540285b4418a9d056bba5ee18453e1,116.23
99707c3b2d540285b4418a9d056bba5ee18453e1,117.55
99707c3b2d540285b4418a9d056bba5ee18453e1,116.64
f0dcc6b0b78b04dd94617707551f6c2d18426d09,117.46
f0dcc6b0b78b04dd94617707551f6c2d18426d09,119.42
f0dcc6b0b78b04dd94617707551f6c2d18426d09,117.78
f0dcc6b0b78b04dd94617707551f6c2d18426d09,116.33
f0dcc6b0b78b04dd94617707551f6c2d18426d09,116.07
f0dcc6b0b78b04dd94617707551f6c2d18426d09,117.03
f0dcc6b0b78b04dd94617707551f6c2d18426d09,116.15
f0dcc6b0b78b04dd94617707551f6c2d18426d09,116.32
f0dcc6b0b78b04dd94617707551f6c2d18426d09,118.03
f0dcc6b0b78b04dd94617707551f6c2d18426d09,116.41
f0dcc6b0b78b04dd94617707551f6c2d18426d09,117.41
f0dcc6b0b78b04dd94617707551f6c2d18426d09,117.59
f0dcc6b0b78b04dd94617707551f6c2d18426d09,115.53
f0dcc6b0b78b04dd94617707551f6c2d18426d09,116.02
f0dcc6b0b78b04dd94617707551f6c2d18426d09,117.02
ee07ecb663f256930aa3b12771855ff555ec4e1b,116.54
ee07ecb663f256930aa3b12771855ff555ec4e1b,116.54
ee07ecb663f256930aa3b12771855ff555ec4e1b,116.03
ee07ecb663f256930aa3b12771855ff555ec4e1b,116.46
ee07ecb663f256930aa3b12771855ff555ec4e1b,115.72
ee07ecb663f256930aa3b12771855ff555ec4e1b,117.77
ee07ecb663f256930aa3b12771855ff555ec4e1b,116.40
ee07ecb663f256930aa3b12771855ff555ec4e1b,117.08
ee07ecb663f256930aa3b12771855ff555ec4e1b,116.43
ee07ecb663f256930aa3b12771855ff555ec4e1b,115.50
ee07ecb663f256930aa3b12771855ff555ec4e1b,116.62
ee07ecb663f256930aa3b12771855ff555ec4e1b,116.32
ee07ecb663f256930aa3b12771855ff555ec4e1b,116.05
ee07ecb663f256930aa3b12771855ff555ec4e1b,117.46
ee07ecb663f256930aa3b12771855ff555ec4e1b,118.39
17d31aa1073b1a327f1d7b631ff480a60cd40df5,116.97
17d31aa1073b1a327f1d7b631ff480a60cd40df5,116.32
17d31aa1073b1a327f1d7b631ff480a60cd40df5,115.07
17d31aa1073b1a327f1d7b631ff480a60cd40df5,114.59
17d31aa1073b1a327f1d7b631ff480a60cd40df5,116.87
17d31aa1073b1a327f1d7b631ff480a60cd40df5,117.57
17d31aa1073b1a327f1d7b631ff480a60cd40df5,116.02
17d31aa1073b1a327f1d7b631ff480a60cd40df5,116.89
17d31aa1073b1a327f1d7b631ff480a60cd40df5,118.19
17d31aa1073b1a327f1d7b631ff480a60cd40df5,116.53
17d31aa1073b1a327f1d7b631ff480a60cd40df5,117.40
17d31aa1073b1a327f1d7b631ff480a60cd40df5,117.02
17d31aa1073b1a327f1d7b631ff480a60cd40df5,115.95
17d31aa1073b1a327f1d7b631ff480a60cd40df5,116.36
17d31aa1073b1a327f1d7b631ff480a60cd40df5,116.40
e579092d415247939c7098bfbaa3cbbe4dc7fe0d,117.12
e579092d415247939c7098bfbaa3cbbe4dc7fe0d,117.27
e579092d415247939c7098bfbaa3cbbe4dc7fe0d,114.67
e579092d415247939c7098bfbaa3cbbe4dc7fe0d,115.50
e579092d415247939c7098bfbaa3cbbe4dc7fe0d,116.11
e579092d415247939c7098bfbaa3cbbe4dc7fe0d,114.88
e579092d415247939c7098bfbaa3cbbe4dc7fe0d,115.31
e579092d415247939c7098bfbaa3cbbe4dc7fe0d,116.11
e579092d415247939c7098bfbaa3cbbe4dc7fe0d,116.64
e579092d415247939c7098bfbaa3cbbe4dc7fe0d,115.67
e579092d415247939c7098bfbaa3cbbe4dc7fe0d,117.11
e579092d415247939c7098bfbaa3cbbe4dc7fe0d,116.49
e579092d415247939c7098bfbaa3cbbe4dc7fe0d,116.74
e579092d415247939c7098bfbaa3cbbe4dc7fe0d,116.22
e579092d415247939c7098bfbaa3cbbe4dc7fe0d,116.76
78d5eff856bbe6129f05012e40c13d1840e20598,1023.66
78d5eff856bbe6129f05012e40c13d1840e20598,1025.42
78d5eff856bbe6129f05012e40c13d1840e20598,1026.86
78d5eff856bbe6129f05012e40c13d1840e20598,1026.66
78d5eff856bbe6129f05012e40c13d1840e20598,1027.87
78d5eff856bbe6129f05012e40c13d1840e20598,1025.79
78d5eff856bbe6129f05012e40c13d1840e20598,1026.54
78d5eff856bbe6129f05012e40c13d1840e20598,1028.33
78d5eff856bbe6129f05012e40c13d1840e20598,1027.17
78d5eff856bbe6129f05012e40c13d1840e20598,1024.02
78d5eff856bbe6129f05012e40c13d1840e20598,1027.05
78d5eff856bbe6129f05012e40c13d1840e20598,1030.29
78d5eff856bbe6129f05012e40c13d1840e20598,1027.91
78d5eff856bbe6129f05012e40c13d1840e20598,1028.12
78d5eff856bbe6129f05012e40c13d1840e20598,1029.19
23f698a35c7b7f85a6663acfb5da9b2b48106f42,115.99
23f698a35c7b7f85a6663acfb5da9b2b48106f42,116.65
23f698a35c7b7f85a6663acfb5da9b2b48106f42,116.79
23f698a35c7b7f85a6663acfb5da9b2b48106f42,117.58
23f698a35c7b7f85a6663acfb5da9b2b48106f42,114.42
23f698a35c7b7f85a6663acfb5da9b2b48106f42,116.05
23f698a35c7b7f85a6663acfb5da9b2b48106f42,116.69
23f698a35c7b7f85a6663acfb5da9b2b48106f42,116.28
23f698a35c7b7f85a6663acfb5da9b2b48106f42,115.98
23f698a35c7b7f85a6663acfb5da9b2b48106f42,116.13
23f698a35c7b7f85a6663acfb5da9b2b48106f42,116.91
23f698a35c7b7f85a6663acfb5da9b2b48106f42,117.85
23f698a35c7b7f85a6663acfb5da9b2b48106f42,115.43
23f698a35c7b7f85a6663acfb5da9b2b48106f42,115.55
23f698a35c7b7f85a6663acfb5da9b2b48106f42,116.51
5745d5cdcfed57ade4a41fe4b6c1e1d28c3417ef,115.97
5745d5cdcfed57ade4a41fe4b6c1e1d28c3417ef,116.16
5745d5cdcfed57ade4a41fe4b6c1e1d28c3417ef,116.51
5745d5cdcfed57ade4a41fe4b6c1e1d28c3417ef,115.19
5745d5cdcfed57ade4a41fe4b6c1e1d28c3417ef,117.64
5745d5cdcfed57ade4a41fe4b6c1e1d28c3417ef,116.08
5745d5cdcfed57ade4a41fe4b6c1e1d28c3417ef,116.41
5745d5cdcfed57ade4a41fe4b6c1e1d28c3417ef,117.25
5745d5cdcfed57ade4a41fe4b6c1e1d28c3417ef,115.27
5745d5cdcfed57ade4a41fe4b6c1e1d28c3417ef,116.93
5745d5cdcfed57ade4a41fe4b6c1e1d28c3417ef,115.90
5745d5cdcfed57ade4a41fe4b6c1e1d28c3417ef,115.11
5745d5cdcfed57ade4a41fe4b6c1e1d28c3417ef,116.53
5745d5cdcfed57ade4a41fe4b6c1e1d28c3417ef,118.46
5745d5cdcfed57ade4a41fe4b6c1e1d28c3417ef,116.71
32f4fc0d762498063f989d8cb73db0a37850753a,115.30
32f4fc0d762498063f989d8cb73db0a37850753a,115.46
32f4fc0d762498063f989d8cb73db0a37850753a,115.64
32f4fc0d762498063f989d8cb73db0a37850753a,114.43
32f4fc0d762498063f989d8cb73db0a37850753a,117.28
32f4fc0d762498063f989d8cb73db0a37850753a,115.20
32f4fc0d762498063f989d8cb73db0a37850753a,114.66
32f4fc0d762498063f989d8cb73db0a37850753a,115.86
32f4fc0d762498063f989d8cb73db0a37850753a,115.81
32f4fc0d762498063f989d8cb73db0a37850753a,115.13
32f4fc0d762498063f989d8cb73db0a37850753a,116.30
32f4fc0d762498063f989d8cb73db0a37850753a,117.05
32f4fc0d762498063f989d8cb73db0a37850753a,115.22
32f4fc0d762498063f989d8cb73db0a37850753a,114.63
32f4fc0d762498063f989d8cb73db0a37850753a,116.28
e70580baa9f0d4ca2882659d134a2a97f80a267a,114.28
e70580baa9f0d4ca2882659d134a2a97f80a267a,118.11
e70580baa9f0d4ca2882659d134a2a97f80a267a,116.84
e70580baa9f0d4ca2882659d134a2a97f80a267a,114.11
e70580baa9f0d4ca2882659d134a2a97f80a267a,117.11
e70580baa9f0d4ca2882659d134a2a97f80a267a,117.77
e70580baa9f0d4ca2882659d134a2a97f80a267a,116.72
e70580baa9f0d4ca2882659d134a2a97f80a267a,115.62
e70580baa9f0d4ca2882659d134a2a97f80a267a,116.62
e70580baa9f0d4ca2882659d134a2a97f80a267a,114.08
e70580baa9f0d4ca2882659d134a2a97f80a267a,117.10
e70580baa9f0d4ca2882659d134a2a97f80a267a,115.89
e70580baa9f0d4ca2882659d134a2a97f80a267a,116.46
e70580baa9f0d4ca2882659d134a2a97f80a267a,115.26
e70580baa9f0d4ca2882659d134a2a97f80a267a,115.69
86f1b7a8ede706009a92bffd0172faa213c008f2,115.89
86f1b7a8ede706009a92bffd0172faa213c008f2,115.74
86f1b7a8ede706009a92bffd0172faa213c008f2,115.32
86f1b7a8ede706009a92bffd0172faa213c008f2,115.34
86f1b7a8ede706009a92bffd0172faa213c008f2,115.12
86f1b7a8ede706009a92bffd0172faa213c008f2,114.85
86f1b7a8ede706009a92bffd0172faa213c008f2,116.56
86f1b7a8ede706009a92bffd0172faa213c008f2,117.13
86f1b7a8ede706009a92bffd0172faa213c008f2,116.80
86f1b7a8ede706009a92bffd0172faa213c008f2,115.34
86f1b7a8ede706009a92bffd0172faa213c008f2,116.44
86f1b7a8ede706009a92bffd0172faa213c008f2,116.81
86f1b7a8ede706009a92bffd0172faa213c008f2,117.55
86f1b7a8ede706009a92bffd0172faa213c008f2,116.61
86f1b7a8ede706009a92bffd0172faa213c008f2,116.92
f823d4343ee9039e6f6b40e1cd0c536808a712cb,1026.54
f823d4343ee9039e6f6b40e1cd0c536808a712cb,1028.60
f823d4343ee9039e6f6b40e1cd0c536808a712cb,1030.38
f823d4343ee9039e6f6b40e1cd0c536808a712cb,1024.97
f823d4343ee9039e6f6b40e1cd0c536808a712cb,1028.26
f823d4343ee9039e6f6b40e1cd0c536808a712cb,1029.17
f823d4343ee9039e6f6b40e1cd0c536808a712cb,1030.39
f823d4343ee9039e6f6b40e1cd0c536808a712cb,1029.82
f823d4343ee9039e6f6b40e1cd0c536808a712cb,1024.79
f823d4343ee9039e6f6b40e1cd0c536808a712cb,1031.00
f823d4343ee9039e6f6b40e1cd0c536808a712cb,1026.71
f823d4343ee9039e6f6b40e1cd0c536808a712cb,1030.66
f823d4343ee9039e6f6b40e1cd0c536808a712cb,1102.32
f823d4343ee9039e6f6b40e1cd0c536808a712cb,1026.92
f823d4343ee9039e6f6b40e1cd0c536808a712cb,1030.42
bfa22da8da1994b226038c11f38592454afca9e1,1029.77
bfa22da8da1994b226038c11f38592454afca9e1,1028.32
bfa22da8da1994b226038c11f38592454afca9e1,1031.20
bfa22da8da1994b226038c11f38592454afca9e1,1028.38
bfa22da8da1994b226038c11f38592454afca9e1,1026.71
bfa22da8da1994b226038c11f38592454afca9e1,1027.42
bfa22da8da1994b226038c11f38592454afca9e1,1028.06
bfa22da8da1994b226038c11f38592454afca9e1,1029.28
bfa22da8da1994b226038c11f38592454afca9e1,1026.25
bfa22da8da1994b226038c11f38592454afca9e1,1032.37
bfa22da8da1994b226038c11f38592454afca9e1,1028.71
bfa22da8da1994b226038c11f38592454afca9e1,1027.95
bfa22da8da1994b226038c11f38592454afca9e1,1027.84
bfa22da8da1994b226038c11f38592454afca9e1,1031.69
bfa22da8da1994b226038c11f38592454afca9e1,1024.78
c3009f14265fe54d1f048f34bb0b4c0cdbe0812f,116.58
c3009f14265fe54d1f048f34bb0b4c0cdbe0812f,115.64
c3009f14265fe54d1f048f34bb0b4c0cdbe0812f,116.82
c3009f14265fe54d1f048f34bb0b4c0cdbe0812f,117.05
c3009f14265fe54d1f048f34bb0b4c0cdbe0812f,116.98
c3009f14265fe54d1f048f34bb0b4c0cdbe0812f,116.70
c3009f14265fe54d1f048f34bb0b4c0cdbe0812f,116.48
c3009f14265fe54d1f048f34bb0b4c0cdbe0812f,115.86
c3009f14265fe54d1f048f34bb0b4c0cdbe0812f,116.64
c3009f14265fe54d1f048f34bb0b4c0cdbe0812f,116.67
c3009f14265fe54d1f048f34bb0b4c0cdbe0812f,116.76
c3009f14265fe54d1f048f34bb0b4c0cdbe0812f,115.37
c3009f14265fe54d1f048f34bb0b4c0cdbe0812f,116.62
c3009f14265fe54d1f048f34bb0b4c0cdbe0812f,116.35
c3009f14265fe54d1f048f34bb0b4c0cdbe0812f,116.90
46d72fd43775475e890772b85fc5b63374621ab8,115.66
46d72fd43775475e890772b85fc5b63374621ab8,116.85
46d72fd43775475e890772b85fc5b63374621ab8,114.90
46d72fd43775475e890772b85fc5b63374621ab8,117.44
46d72fd43775475e890772b85fc5b63374621ab8,117.29
46d72fd43775475e890772b85fc5b63374621ab8,115.68
46d72fd43775475e890772b85fc5b63374621ab8,117.18
46d72fd43775475e890772b85fc5b63374621ab8,116.16
46d72fd43775475e890772b85fc5b63374621ab8,117.33
46d72fd43775475e890772b85fc5b63374621ab8,116.13
46d72fd43775475e890772b85fc5b63374621ab8,116.14
46d72fd43775475e890772b85fc5b63374621ab8,117.26
46d72fd43775475e890772b85fc5b63374621ab8,117.55
46d72fd43775475e890772b85fc5b63374621ab8,116.30
46d72fd43775475e890772b85fc5b63374621ab8,116.51
cc405660d33b394c840952d7f5cf2e45f2bb2637,115.39
cc405660d33b394c840952d7f5cf2e45f2bb2637,115.46
cc405660d33b394c840952d7f5cf2e45f2bb2637,117.75
cc405660d33b394c840952d7f5cf2e45f2bb2637,115.65
cc405660d33b394c840952d7f5cf2e45f2bb2637,115.76
cc405660d33b394c840952d7f5cf2e45f2bb2637,117.84
cc405660d33b394c840952d7f5cf2e45f2bb2637,116.64
cc405660d33b394c840952d7f5cf2e45f2bb2637,116.05
cc405660d33b394c840952d7f5cf2e45f2bb2637,117.05
cc405660d33b394c840952d7f5cf2e45f2bb2637,118.47
cc405660d33b394c840952d7f5cf2e45f2bb2637,116.07
cc405660d33b394c840952d7f5cf2e45f2bb2637,117.25
cc405660d33b394c840952d7f5cf2e45f2bb2637,116.56
cc405660d33b394c840952d7f5cf2e45f2bb2637,117.07
cc405660d33b394c840952d7f5cf2e45f2bb2637,116.08
